1 H_25.40000_18.11473
1001 9.60353 5.75812
1051 2.49849 5.76843
1150 -1.24398 4.18075
1151 8.68969 5.75853
1152 3.12250 5.94499
1153 7.39128 7.16196
1181 -2.41721 -3.87265
1189 -12.04341 -0.35560
1221 3.32115 -5.01946
1222 1.72861 -5.67661
1223 -3.05990 1.89972
1225 3.16392 -3.98918
1233 7.66790 -8.73371
1234 -7.52529 -5.20026
1235 -5.52513 -8.72848
1236 -6.00968 4.75444
1237 -6.41103 5.98593
1238 -4.42592 -8.35056
1239 -8.67056 -2.07972
1240 -12.10703 -2.46787
1241 6.04111 -6.00015
1242 -9.54272 8.49955
1243 10.28617 -1.46345
1248 -3.37228 0.11807
1249 6.50947 -2.95333
1283 2.82185 -6.31046
1291 -12.13584 1.45541
1301 6.66802 -8.84112
1302 -1.06617 6.56406
1314 4.06710 -0.11611
1321 -1.45192 0.03458
1322 -9.72899 0.11014
1323 -9.41803 -6.63581
1325 -3.29351 3.33441
1326 1.39885 -6.91285
1327 0.94271 -2.65257
1328 0.31064 4.97464
1331 -6.14428 -7.83502
1332 -5.71036 -3.12706
1333 -4.35685 -1.16636
1335 2.98552 -0.23709
1344 -10.98623 2.26951
1345 -0.40880 -1.45492
1346 -12.46443 -4.53209
1347 -9.39320 3.61742
1348 6.32943 -8.17034
1352 -12.17565 -3.78524
1361 2.72852 2.92281
1366 4.09458 -7.56677
1367 6.62871 -8.37545
1378 4.50848 6.77699
1384 5.78541 0.08365
1386 -8.54187 3.40113
1387 -5.87786 3.90458
1391 6.71080 -7.95423
1392 6.88604 -8.18835
1394 0.61721 -8.78336
1414 -0.53444 -8.76972
1420 -12.10814 0.60182
1422 3.91436 -8.14918
1423 3.50289 -6.12529
1434 3.11241 4.05376
1435 7.69501 -6.13102
1437 2.75322 3.86847
1440 -8.61392 -3.75893
1441 -4.59014 -0.77431
1447 1.70169 -2.25400
1457 7.85938 -5.19555
1459 -5.65367 1.51606
1460 4.06772 -7.36612
1461 2.17744 0.87500
1477 -5.45221 1.33128
1495 2.38679 -7.91728
1496 3.48466 -1.25700
1497 1.34521 -2.17527
1498 -4.71425 -0.79881
1501 -4.38733 0.33884
1502 -2.76725 0.81722
1503 3.80702 0.19131
1541 -0.06371 -7.89357
1544 -4.00384 0.43639
1545 -6.02626 -2.81775
1546 -4.29142 0.31420
1547 1.39732 0.95125
1548 -3.62841 -3.30702
1549 -0.62080 1.85946
1592 -6.49824 -2.26036
1593 -5.92950 -2.91814
1594 1.52572 -2.10182
1595 1.27733 2.53662
1596 -4.49820 0.66598
1597 3.45558 -6.75691
1598 -0.69657 4.84829
1599 -5.53278 -2.10452
1600 3.63314 0.23650
1601 -0.96689 -2.39942
1602 -1.78803 -2.86590
1603 -5.40755 -0.31804
1604 -4.48088 -1.48923
1605 -3.08435 0.31006
1606 2.30584 1.21565
1607 -4.87929 -6.18167
1608 -6.11021 -4.58323
1609 -3.52084 1.31915
1610 -5.06875 -6.00816
1611 0.16259 -5.42199
1613 10.50686 6.29514
1614 7.19701 3.04017
1686 0.96090 0.09724
1691 1.80812 -1.97859
1694 2.18757 1.02229
1695 2.50681 0.45818
1702 0.90562 -1.73315
1703 1.42428 2.56135
1704 -0.27001 -0.33495
1705 -0.17648 3.09965
1706 -0.16546 0.24218
1707 2.80316 0.06717
1709 0.72103 -1.10323
1744 -4.96433 -3.04338
1745 -4.66145 -5.33518
1748 4.22021 -0.15071
1749 -6.78681 -3.42514
1767 -8.97264 -8.77994
1770 10.67252 6.53959
1771 3.87304 -8.91075
1773 -0.91969 6.71803
1774 -1.92214 3.08172
1775 2.75322 3.86847
1777 7.70680 -7.30390
1778 2.67960 5.60307
1779 11.33923 6.15795
1812 -3.30574 -8.02059
1818 -4.75442 -3.74559
1819 10.06609 7.33966
1820 3.90835 2.03933
1821 3.34559 -6.25714
1822 -11.81676 4.06328
1823 1.68112 5.29812
1824 -1.16680 7.06874
1825 -3.51107 4.53342
1826 -1.84207 8.07195
1827 -7.87550 -6.36379
1828 -2.65927 7.91603
1829 -6.23810 3.28250
1830 -6.47580 8.89937
1831 -8.11538 4.18789
1832 -5.54433 -4.81310
1833 7.99392 3.30705
1834 11.05005 6.40954
1979 3.87192 1.78378
1983 0.43474 6.81447
1986 2.97483 -2.94225
1990 -2.99218 -8.91876
1991 3.19992 7.12035
2005 0.26488 -3.58790
2006 0.26705 -3.49635
2007 -4.09729 1.46874
2008 -2.30317 -7.11547
2009 -11.69594 -6.26000
-99
2 H_25.40000_14.10327
1052 -4.44743 -4.95564
1097 -4.80991 -4.10508
1100 -5.93747 -5.78283
1140 4.43691 0.93809
1146 5.26773 1.10475
1147 3.11267 0.74084
1149 3.66038 0.84777
1153 5.33702 -2.07659
1154 11.42488 -3.45146
1155 -1.82696 0.91488
1158 -8.24893 -5.59520
1159 -10.87838 -4.13779
1160 -7.69985 -5.97015
1161 2.90848 1.26526
1162 -4.24062 6.25192
1163 -6.11139 6.33008
1165 1.61990 -6.38268
1167 7.96164 -0.71516
1168 11.88789 -6.19628
1171 6.13272 2.13669
1172 7.36737 6.01608
1173 10.12218 -5.25704
1174 -4.08272 1.11772
1175 8.00217 1.25808
1176 6.36843 1.58302
1177 10.11806 2.27790
1178 -10.47510 -5.75874
1179 6.68173 -6.46415
1180 -7.62863 6.33070
1181 -5.11810 -2.37743
1182 3.71650 6.22425
1183 9.33552 5.46641
1184 11.39158 1.74181
1185 11.52080 6.41780
1186 5.68344 5.12624
1187 10.02866 -6.01651
1188 12.40713 2.01752
1189 -11.28574 5.57639
1208 -8.80581 5.43044
1231 5.12849 5.23088
1244 3.27991 -6.83308
1253 -10.66587 -3.97938
1254 2.76300 -6.54820
1258 4.96545 -6.67518
1259 -5.52764 -3.14185
1270 -12.27066 1.03357
1272 -12.28221 -4.18259
1273 0.83774 -5.00048
1274 -11.67061 1.01354
1275 -4.76964 0.22495
1276 -12.41569 -3.07747
1278 -6.45139 6.01119
1279 -10.89391 -1.34771
1280 -11.50245 -3.41984
1281 -3.53892 5.55381
1284 -10.82628 -1.11288
1287 -1.68525 5.49862
1288 -3.14979 -4.14419
1295 -3.16731 -4.96233
1296 -5.75707 -0.25565
1300 0.08642 -6.41736
1313 -5.88982 -5.99361
1314 1.64606 -1.76755
1318 -2.66374 -3.34884
1320 -5.01715 -5.22727
1321 -2.53995 1.17621
1332 -7.28792 -0.40140
1333 -6.10961 -0.08433
1334 -8.35444 5.43052
1335 1.03543 -0.89880
1337 -5.41881 -2.14997
1338 -1.58338 -5.98891
1340 -1.32461 -6.88907
1341 5.96596 -6.03334
1342 7.05817 -5.80299
1348 1.85798 -4.95970
1355 5.06549 -5.68830
1357 4.64218 -5.41289
1358 4.70097 -5.88439
1359 3.88899 -5.80905
1360 1.17030 -0.62723
1361 3.39477 3.38820
1362 -5.73832 2.49081
1365 7.34893 -4.51297
1366 0.49444 -3.82440
1367 1.95209 -5.21911
1368 -2.33179 -4.13050
1370 -3.26791 -4.90078
1371 -0.61184 -4.82095
1372 0.67489 -4.39965
1373 0.63436 -4.47839
1374 -0.83570 -5.59935
1375 -0.71404 -6.09298
1376 -2.48897 -0.98317
1379 -2.94436 -5.64535
1380 -2.47045 -6.31246
1381 -1.89185 -5.79624
1382 -1.88882 -5.32245
1383 -3.02336 -5.41164
1391 2.24067 -4.93794
1392 2.24076 -5.17922
1393 3.56720 -1.12951
1399 8.85144 -4.39519
1405 -3.26417 -3.69757
1408 7.75672 -4.58751
1417 -5.50767 -2.30408
1418 2.27505 5.33473
1419 -7.20511 5.16412
1421 -3.45155 3.71322
1422 0.00285 -4.31544
1424 -0.18103 -4.29675
1428 -2.24834 -0.52410
1429 0.11159 0.93253
1430 -10.62192 2.51864
1435 3.38476 -4.74389
1437 4.28121 4.87792
1440 -8.22537 3.07547
1441 -6.11106 0.46090
1446 -4.29263 5.24844
1447 -1.13567 -2.57359
1452 -6.16393 -0.21503
1455 -1.62470 -4.81052
1460 0.58123 -3.65373
1461 1.13681 0.73528
1464 -10.38892 0.72600
1466 -4.37934 3.97178
1468 -4.88937 3.89943
1469 -1.67237 -3.41724
1473 -10.52138 3.38884
1484 -10.11455 -4.87726
1491 -8.57310 -1.49083
1492 -8.46937 -1.24838
1495 -0.85158 -3.42495
1496 0.72362 -2.24683
1497 -1.52493 -2.34174
1498 -6.22859 0.46951
1499 -8.95968 1.84649
1500 -8.34495 0.56086
1501 -4.50145 3.39700
1502 -2.67866 3.61921
1503 1.67656 -1.27709
1504 -4.93808 4.42016
1506 -1.77839 3.17485
1507 -0.02503 1.87110
1508 -2.22519 3.01697
1509 -2.48083 -1.23678
1510 -6.56089 5.33079
1511 -4.35577 3.45355
1512 -3.21946 -2.14786
1513 -7.71218 5.20440
1514 -2.28877 4.93483
1515 -3.71832 -0.13518
1516 -3.09139 5.49283
1517 -4.16357 6.11167
1518 -2.62781 5.66444
1519 -8.72058 1.29062
1520 -1.74461 -0.94871
1521 -2.41067 3.11574
1523 -8.23567 -2.61885
1524 -7.93079 -3.35719
1525 -8.32981 -2.62397
1526 -8.05062 -2.27659
1527 -8.30217 -2.12104
1528 2.30877 -3.24836
1529 -8.87663 -0.71379
1544 -4.12330 3.37885
1545 -7.40903 0.04405
1546 -4.43105 3.33039
1547 0.49353 1.11342
1548 -5.77157 -1.35490
1549 -0.90776 2.74091
1550 -9.97764 -3.97610
1552 -9.25787 -3.32885
1553 -9.65013 -2.16073
1554 -8.71143 -3.77674
1558 10.56837 -0.16228
1561 1.84383 -1.64220
1563 -3.49345 5.19608
1564 -7.16475 -1.36745
1565 -3.59771 -2.19046
1567 -8.61241 -2.04502
1568 0.86569 -4.55665
1569 -0.94087 5.32288
1571 -2.24686 -0.39073
1572 10.82717 -2.16699
1573 10.95129 -1.46658
1574 -2.93906 3.91011
1575 -3.51244 -1.61574
1576 -4.77518 -4.66737
1577 -9.71167 -0.24213
1578 -8.25996 0.63707
1589 -6.08866 5.94990
1606 1.49024 1.06338
1621 -2.61700 5.04131
1625 -6.73444 -4.81353
1628 -2.34582 3.49628
1630 -3.09342 3.18419
1632 -0.33419 -6.25360
1633 -2.23788 4.64657
1634 -4.84526 0.58884
1635 -2.65137 -5.81162
1666 -6.24197 -4.52229
1674 -1.08248 5.61080
1682 -5.76916 -3.84771
1684 -6.03254 -3.81961
1686 -0.44203 0.31435
1687 -5.71299 -4.21750
1688 -7.12356 -4.23471
1689 -6.55031 -4.83648
1690 -4.57287 -4.88740
1692 -5.66476 -5.11246
1693 -6.73297 -4.00126
1694 1.25638 0.92375
1695 1.12588 0.10602
1697 1.84380 -1.32662
1698 -5.72801 -3.08203
1699 -2.38568 4.12212
1700 0.64912 -1.11738
1701 -2.04669 3.31959
1702 -1.59659 -1.70224
1703 1.89195 3.49167
1704 -1.72679 0.32026
1706 -1.28520 0.95199
1707 1.10559 -0.46746
1708 -2.08484 4.10510
1709 -1.42930 -0.95916
1712 -4.90535 -0.29979
1713 -0.55825 0.13718
1714 -0.34968 2.15960
1715 -6.18251 -1.52989
1716 -5.85269 5.27306
1717 -5.77359 5.81192
1718 -5.33838 5.21658
1719 -8.10251 4.74118
1721 -5.55350 -3.46781
1722 -5.22886 -3.03619
1723 -5.50836 -4.58408
1724 -5.21203 -3.84174
1726 -6.38670 4.24891
1727 -5.54509 0.21374
1771 -0.53996 -5.09052
1780 -5.68056 2.00390
1781 0.70783 5.10857
1782 1.70209 5.29713
1783 -11.27482 -0.33297
1784 -7.89414 -6.83975
1785 -0.58688 3.90083
1786 0.40058 6.00602
1787 1.79673 -6.17346
1799 2.44365 -3.34448
1818 -6.81073 -1.39555
1835 0.38212 0.85449
1836 4.51499 3.01551
1837 -7.02043 -0.85176
1838 5.39276 0.32656
1839 1.28077 6.81224
1840 -8.73555 0.04373
1841 11.47835 3.46980
1842 -9.89559 6.27692
1843 -7.30071 2.01898
1844 -3.14391 6.56570
1980 0.93303 -5.20502
1985 -0.89398 -2.99455
-99
3 H_25.40000_13.96662
1019 4.70313 5.70095
1052 4.60466 4.56752
1094 5.26356 -0.67959
1097 4.96424 3.72727
1099 5.53314 -0.61014
1100 5.99929 5.31713
1126 1.83490 -0.96626
1140 -3.94682 -1.22788
1141 -9.41246 3.30441
1142 1.73544 -5.83142
1143 -10.42632 3.08506
1144 -6.04054 -0.62111
1145 -0.45428 -5.95224
1146 -4.80427 -1.38703
1147 -2.66863 -0.97705
1148 -4.78018 2.40565
1149 -3.22607 -1.14379
1153 -3.96095 4.13965
1154 -10.73948 2.95298
1155 2.52156 -0.28988
1156 -1.77460 6.73825
1157 -2.34047 -5.85439
1158 8.24446 5.19766
1159 10.82563 3.81909
1160 7.68460 5.50405
1162 5.03917 -5.68678
1163 6.93177 -5.74836
1164 5.84052 -1.02512
1165 -1.25967 5.81233
1166 10.36682 4.76541
1167 -6.60368 2.70928
1168 -11.11355 5.52890
1169 -5.83259 -0.30158
1170 7.22699 -3.45164
1171 -5.61989 -2.29740
1172 -6.87052 -6.15398
1173 -9.39350 4.80979
1174 4.47397 -1.14044
1175 -7.46498 -1.47883
1176 -5.86011 -1.77927
1177 -9.30320 -1.73711
1178 10.46566 5.54912
1179 -6.08878 5.90635
1180 8.45164 -5.73005
1181 5.65764 2.90882
1182 -3.26089 -6.45632
1183 -8.28330 -4.07664
1184 -10.38926 -0.71376
1185 -10.27114 -4.36528
1186 -5.19131 -5.27862
1187 -9.28680 5.53078
1188 -11.27723 -0.59374
1189 12.09053 -4.92015
1208 9.65238 -4.68345
1231 -4.38103 -4.69920
1244 -2.86073 6.20362
1253 10.62836 3.65524
1255 6.74766 -1.68467
1258 -4.46728 6.04625
1264 -0.40005 6.54593
1266 11.98439 0.14328
1269 4.81552 -5.72865
1271 8.51521 -1.89503
1272 12.21965 3.96951
1273 -0.50354 4.51945
1274 11.88325 -1.13355
1275 5.50040 0.62335
1278 7.28056 -5.37853
1279 10.98885 1.19341
1280 11.45892 3.13688
1281 4.30625 -5.00041
1284 10.93497 0.97626
1287 2.41702 -5.02485
1288 3.36270 3.75724
1295 3.39501 4.61427
1296 6.45470 1.08631
1313 5.94874 5.51540
1320 5.12984 4.78195
1332 7.85204 1.01953
1333 6.80339 0.92763
1334 9.20147 -4.69526
1335 -0.32227 1.45183
1338 1.85318 5.56556
1340 1.58733 6.39632
1360 -0.45560 1.18973
1361 -2.64156 -2.82768
1368 2.57843 3.72909
1370 3.49465 4.55549
1371 0.93335 4.45270
1372 -0.33460 3.96072
1373 -0.29656 4.03686
1374 1.13761 5.18876
1375 1.01516 5.65138
1376 3.17570 1.66324
1379 3.16386 5.25150
1380 2.69286 5.87364
1381 2.14741 5.38717
1382 2.15565 4.94103
1383 3.25050 5.03500
1418 -1.51708 -4.78161
1419 7.99364 -4.51150
1421 4.14418 -3.19382
1422 0.32861 3.92225
1424 0.50725 3.91090
1428 2.93838 1.14936
1429 0.60955 -0.31777
1430 10.91246 -2.61118
1437 -3.53163 -4.34304
1440 8.66776 -2.94645
1441 6.82391 0.39546
1447 1.77169 3.09988
1452 6.84996 1.05535
1455 1.90882 4.45504
1466 5.10129 -3.38354
1468 5.60322 -3.30468
1479 5.49741 -2.38021
1484 10.03158 4.53438
1491 8.70642 1.27247
1496 -0.02771 2.76843
1497 2.16695 2.87862
1498 6.94811 0.39060
1499 9.23619 -1.96583
1500 8.94272 0.11803
1501 5.20522 -2.81323
1502 3.37448 -3.10133
1504 5.67190 -3.83501
1506 2.46444 -2.67376
1507 0.80556 -1.12504
1508 2.90426 -2.50702
1509 3.15974 1.91213
1510 7.36596 -4.69529
1511 5.06451 -2.87011
1512 3.81774 2.70466
1513 8.50336 -4.55305
1514 3.01700 -4.42948
1515 4.35851 0.74488
1516 3.83087 -4.99657
1517 4.94796 -5.55423
1518 3.36779 -5.17836
1519 8.97159 -1.42771
1520 2.40657 1.53332
1523 8.34418 2.36652
1524 8.01303 3.06036
1525 8.42439 2.35476
1526 8.16964 2.00990
1527 8.41581 1.87707
1529 9.04203 0.50680
1531 6.62256 -4.91156
1544 4.82576 -2.79796
1545 7.98696 0.58721
1546 5.13163 -2.74519
1547 0.24400 -0.49377
1548 6.32688 1.92561
1549 1.68403 -2.01192
1550 9.95589 3.64907
1552 9.29215 3.02578
1553 9.72407 1.91751
1554 8.74567 3.45086
1563 4.25444 -4.61976
1565 4.19929 2.76448
1567 8.72790 1.80798
1568 -0.52581 4.11159
1569 1.66720 -4.84763
1571 2.92239 1.01209
1572 -10.14034 1.88496
1573 -10.26488 1.26369
1574 3.64027 -3.38777
1575 4.15070 2.24119
1576 4.93679 4.30373
1577 9.94539 0.23584
1589 6.90064 -5.32072
1594 2.00094 2.87395
1606 -0.74488 -0.45665
1621 3.34162 -4.52921
1625 6.79709 4.42430
1628 3.03672 -2.98869
1630 3.77207 -2.66834
1632 0.64796 5.80236
1633 2.95464 -4.14231
1634 5.59287 0.27765
1635 2.87557 5.40058
1666 6.33678 4.12757
1674 1.81197 -5.13360
1686 1.14805 0.29247
1687 5.83388 3.83562
1688 7.19411 3.87687
1689 6.61852 4.43491
1690 4.72955 4.50700
1692 5.76091 4.68409
1693 6.82300 3.64427
1694 -0.51866 -0.32562
1695 -0.40069 0.47618
1696 2.25897 1.64193
1699 3.09611 -3.60136
1700 0.05154 1.67013
1701 2.73269 -2.81459
1702 2.26810 2.27274
1703 -1.14875 -2.91447
1704 2.41651 0.29582
1705 -0.07219 -4.44776
1706 1.99629 -0.32707
1707 -0.38641 1.03604
1708 2.79632 -3.59955
1712 5.60924 1.12119
1713 1.26052 0.47731
1714 1.13425 -1.40140
1716 6.64356 -4.62714
1717 6.58244 -5.17825
1718 6.12287 -4.57755
1719 8.87425 -4.06764
1723 5.62157 4.18624
1724 5.36685 3.47845
1726 7.15830 -3.54798
1727 6.26052 0.63462
1771 0.85615 4.70582
1780 6.12045 -1.90231
1781 0.05811 -4.53364
1782 -0.94013 -4.73854
1783 11.41368 0.20619
1784 7.85681 6.36216
1785 1.23661 -3.53919
1787 -1.43147 5.61292
1788 -9.27195 3.74184
1819 -7.08843 4.52883
1835 0.34186 -0.24610
1836 -3.75848 -2.46487
1837 7.57835 1.44686
1838 -4.91935 -0.63228
1845 -7.84849 2.43448
1846 -2.11186 -0.11631
1977 -12.52742 2.24362
1978 7.96153 6.37750
1985 1.53414 3.51161
1992 -7.98681 -4.43368
-99
4 H_25.40000_16.10079
1006 -11.10119 1.10157
1007 -6.01991 6.61675
1008 -11.26352 5.43470
1009 -5.13652 7.41460
1010 -2.67793 4.05349
1011 -9.56304 4.11674
1012 -8.30552 3.41303
1013 -7.50608 5.80897
1014 -3.77290 7.69222
1015 -7.64612 6.46408
1016 -11.46906 5.60120
1017 -11.13573 3.79663
1019 -1.36365 6.77515
1031 -0.75082 -2.62552
1033 -0.30858 -3.28114
1035 0.19858 -5.30187
1036 -8.16400 -2.12348
1037 -0.18775 -1.85118
1038 1.72184 -4.03351
1041 6.83658 -4.89732
1094 3.99144 2.40031
1097 0.19851 5.42020
1099 4.15047 2.63614
1100 -0.16692 7.28111
1136 -1.28826 -4.64056
1137 3.46512 7.62531
1138 -1.51199 7.88116
1139 -2.76084 5.34606
1140 -3.23395 -4.80714
1141 -11.64841 -5.03345
1142 5.99278 -3.45891
1143 -12.42792 -6.02313
1144 -5.53144 -5.87071
1145 3.47347 -6.17988
1146 -3.85830 -5.58589
1147 -2.28978 -3.56499
1148 -2.58826 0.60709
1149 -2.73619 -4.22269
1155 2.64473 1.66216
1156 -7.46155 3.35138
1157 1.82126 -7.59283
1164 4.69422 2.52237
1165 -6.32360 2.97306
1170 8.41921 2.34566
1174 3.75676 1.51066
1176 -4.29347 -6.60937
1244 -7.99471 2.18243
1255 5.99468 2.71064
1256 8.02944 3.47839
1258 -9.26066 0.94606
1269 8.35345 -1.07005
1271 7.43799 3.69119
1275 4.43918 4.48127
1279 6.60826 7.31109
1281 7.39534 -0.89518
1284 6.68814 7.14038
1285 3.26819 -3.65964
1287 5.96810 -2.28098
1288 -1.05432 4.42396
1292 -1.79580 2.02824
1295 -1.51805 5.18245
1296 4.77201 5.40429
1300 -5.00995 4.17109
1313 -0.34406 7.39621
1320 -0.45165 6.33057
1340 -4.25460 5.39758
1357 -8.07969 0.23185
1358 -8.48540 0.52007
1359 -7.77419 1.00643
1370 -1.40080 5.19970
1376 1.82929 3.68141
1379 -2.16394 5.52732
1380 -3.00387 5.70166
1381 -3.05281 4.98787
1383 -1.94332 5.41411
1385 2.63096 -4.88946
1417 2.89742 6.21367
1421 5.81529 0.34118
1428 1.94416 3.08730
1429 1.23953 0.41456
1441 5.51146 5.10491
1459 8.27204 0.68370
1466 6.71835 0.88900
1468 7.03686 1.28415
1474 2.05348 -3.97447
1475 3.47605 -3.21925
1479 6.26724 1.92147
1481 4.28685 4.93823
1485 1.35173 4.90467
1497 0.06852 3.87228
1498 5.61110 5.17840
1500 6.94235 6.00776
1502 5.19608 -0.08862
1504 7.48755 0.92887
1507 2.15166 0.06709
1509 1.64439 3.85475
1511 6.30956 1.24154
1514 5.94011 -1.39640
1515 3.20509 3.63727
1516 6.98868 -1.29248
1517 8.28594 -0.88558
1518 6.76106 -1.73796
1520 1.21689 2.99895
1521 4.60176 0.12613
1534 1.38211 5.12252
1544 6.08550 1.16215
1546 6.27661 1.39452
1547 1.10204 0.04303
1548 3.74130 5.70297
1552 3.95375 7.59863
1553 5.08481 7.04760
1554 3.25971 7.57016
1563 7.07868 -0.62523
1564 4.70821 6.58190
1565 1.67586 5.06228
1569 5.24144 -2.66026
1571 2.01616 2.95562
1574 5.60126 -0.11028
1575 2.06458 4.67879
1576 -0.17723 5.87865
1595 1.92864 -2.82399
1621 6.25344 -1.21489
1625 1.09916 7.11342
1630 5.16071 0.49285
1633 5.67692 -1.19110
1634 4.77013 4.29897
1635 -2.50802 5.47659
1636 1.43755 -4.72831
1674 5.56226 -2.77255
1682 1.09848 5.83931
1684 1.29541 5.97856
1686 1.19717 1.23293
1687 0.79215 6.05571
1689 0.94574 7.00197
1690 -0.48379 5.90488
1692 0.11079 6.65389
1693 1.67749 6.54051
1694 0.34907 -0.35428
1695 -0.13947 0.34151
1696 1.04447 2.98987
1699 5.39342 -0.66703
1701 4.48679 -0.28957
1702 0.58073 3.46620
1704 2.12975 2.07497
1708 5.13004 -0.87821
1710 2.31229 4.50923
1711 4.36168 -0.04629
1712 4.15043 4.91365
1713 1.16039 1.43654
1715 3.91205 6.07077
1716 8.84221 1.03122
1718 8.44236 0.74516
1723 0.36461 6.18928
1724 0.68343 5.48391
1727 4.97073 4.92364
1731 0.73061 -6.22647
1732 1.81585 -4.31629
1733 1.52785 -7.08593
1734 0.79659 -2.76845
1735 4.81871 -4.08822
1737 3.93122 -3.36108
1742 -7.54812 -1.46727
1746 1.43109 -4.11348
1751 3.32065 -3.86665
1755 -8.34936 -4.52007
1785 3.72752 -2.09303
1787 -6.32162 2.68654
1788 -11.84071 -4.53971
1790 -7.30846 -2.16145
1818 4.43965 6.36698
1835 0.98168 0.28903
1838 -4.55909 -5.03230
1839 4.04113 -7.48995
1845 -4.95348 -1.37466
1847 2.64196 -6.09134
1848 2.00183 3.84140
1849 -8.66575 -1.46168
1850 2.49781 -6.22689
1851 7.44045 -6.77213
1852 6.77037 -5.62888
1853 5.36817 5.31176
1854 6.98901 6.13386
1855 -8.72223 -4.27793
1856 -0.28287 -5.65309
1857 0.52809 -3.91164
1977 -12.63425 -7.73193
1984 7.42862 -6.59999
2010 -0.68642 -5.47964
2019 2.19090 -2.89218
-99
5 H_25.40000_32.62012
1002 -3.49811 -9.02118
1003 -10.41859 8.73023
1004 -3.87121 -12.69175
1018 -3.18161 -9.67599
1019 -10.98712 6.64885
1031 -0.53818 -5.57379
1033 0.83513 -6.04044
1035 4.05982 -8.18214
1036 -12.35634 -11.88461
1037 -0.29360 -3.91932
1038 4.81245 -5.10086
1041 10.32601 -2.69366
1052 -9.06650 5.99618
1097 -7.59136 6.00247
1100 -9.79134 8.25906
1138 -12.18567 8.07873
1139 -11.44322 3.61614
1158 -8.42368 11.45758
1159 -5.17152 14.15897
1160 -9.29210 10.71242
1161 -1.41515 -7.99459
1162 10.24403 4.46846
1166 -6.52698 14.22910
1169 -5.45987 -14.22462
1170 7.41098 8.71863
1209 6.40886 -0.57610
1210 0.18727 6.64702
1253 -5.00136 13.82491
1255 2.98974 6.98713
1256 4.84106 9.49616
1257 -2.91323 -13.25260
1259 -5.72490 6.62055
1265 -4.25865 -14.46519
1266 1.09177 14.03889
1267 5.07776 11.31154
1269 10.26438 4.16475
1271 3.91960 9.34572
1273 -11.74936 -2.19305
1275 0.84767 8.73269
1277 -4.40518 -13.57832
1280 -3.97448 14.63994
1281 8.89224 3.64090
1287 8.34052 0.65473
1288 -8.37902 3.63610
1295 -9.56050 4.38079
1296 0.38085 10.14272
1309 1.02832 4.76487
1312 7.50866 -0.12007
1313 -10.14158 8.28524
1320 -9.30896 6.73646
1338 -12.00753 2.49148
1339 0.71677 10.17975
1348 -12.23024 -3.91153
1366 -9.51721 -2.09969
1368 -8.73222 2.38586
1370 -9.41950 4.49567
1371 -10.55630 0.45432
1372 -10.61939 -2.18031
1376 -2.02410 5.59004
1379 -10.78558 4.34393
1380 -12.11911 3.91395
1381 -11.53225 2.87509
1383 -10.37227 4.35561
1391 -12.38811 -4.57198
1405 -7.59128 3.59798
1417 -3.16471 9.74462
1421 5.75564 4.04079
1422 -10.08281 -0.96130
1424 -9.95100 -0.65423
1441 1.62457 10.34412
1443 5.28151 7.90305
1453 -10.42797 -8.89510
1455 -10.06848 1.98517
1458 -0.51161 10.87262
1459 8.64618 6.41426
1460 -9.26850 -2.29547
1462 -10.83374 -8.02534
1466 6.46062 5.47476
1468 6.50421 6.22936
1479 4.96774 6.50375
1481 0.22320 9.23279
1484 -6.63145 13.45215
1485 -4.01813 6.81584
1494 0.11965 -10.94460
1501 5.56430 5.89496
1504 7.37204 6.12015
1509 -2.42313 5.68138
1511 5.62146 5.64921
1514 7.48737 1.81383
1515 -0.37634 6.51704
1516 8.67976 2.76929
1518 8.79511 1.98722
1524 -5.08870 10.09074
1534 -4.15185 7.12418
1537 -9.62903 -5.16125
1544 5.43476 5.35726
1546 5.44636 5.81175
1550 -5.28900 12.94559
1552 -4.53749 11.77651
1554 -5.45539 11.22257
1555 -11.10965 -7.90580
1556 -11.55632 -9.32896
1557 8.03069 5.71084
1559 0.99592 6.99279
1560 -3.88492 5.47922
1563 8.29028 3.76471
1564 -1.14228 11.56123
1565 -3.64379 7.28380
1568 -10.99600 -2.43058
1574 5.93277 3.22563
1575 -2.74983 7.10031
1576 -8.44083 6.35765
1578 2.35708 12.30382
1582 -0.87541 7.76426
1583 -10.10823 -8.58491
1612 -1.72458 0.64903
1615 -9.50865 -11.30960
1616 0.78828 7.62555
1617 -7.78810 -4.79576
1618 3.04115 -1.28138
1619 -8.00495 -12.53386
1620 2.99391 -10.35452
1621 7.68496 2.31566
1622 0.11056 -7.87664
1623 -9.10796 -13.04984
1624 -5.61021 -12.63800
1625 -7.88528 9.00682
1626 3.19543 -6.58390
1627 7.57452 -10.11457
1629 -7.15802 -0.04769
1630 4.77262 3.72019
1631 -9.63157 -12.68402
1633 6.97058 1.88190
1634 1.44594 8.74256
1635 -11.21531 3.99169
1637 -4.99712 0.26611
1638 11.16954 0.07557
1639 4.99021 -7.66649
1640 7.54001 -9.07073
1653 -6.03372 3.65535
1655 -11.94893 -9.68291
1656 -4.92652 2.99807
1658 2.33207 0.79881
1660 5.51981 -5.64943
1661 0.94345 -5.53364
1665 7.92293 -9.15797
1667 6.76498 -4.57738
1668 11.37657 1.25524
1669 7.96741 -5.80504
1670 -1.12262 3.13963
1672 -10.00696 -11.68697
1673 -5.87921 -13.56063
1674 8.26526 -0.32861
1675 5.82329 1.28240
1677 -1.50491 -12.17155
1682 -6.78075 7.24697
1683 3.35527 3.45920
1684 -6.61223 7.61040
1687 -7.38858 7.32093
1688 -6.81527 9.28950
1689 -8.01611 8.73187
1690 -8.89677 6.15598
1692 -8.83946 7.62340
1698 -5.55017 6.87249
1699 6.17810 2.36673
1708 5.99967 1.86630
1710 -2.22879 7.05927
1711 4.26084 2.37602
1718 8.81324 6.62675
1721 -6.23455 6.78487
1722 -5.67745 6.14863
1723 -8.05877 7.17950
1724 -6.99154 6.46038
1726 7.53371 8.58866
1727 1.10250 9.70746
1730 -1.81809 -11.51667
1736 11.02145 -1.81139
1737 7.02060 -2.33698
1738 10.92649 -3.72363
1739 2.45116 1.36905
1741 10.78409 -4.65534
1742 -12.03365 -10.31813
1752 3.93512 -3.27699
1754 -1.80800 13.97911
1755 -10.31525 -15.59252
1756 -1.55497 -13.14598
1757 -0.41752 -9.92554
1789 -2.39398 -1.15293
1790 -10.81162 -11.03719
1791 -4.57948 -1.98323
1792 -7.45965 -1.62596
1794 -1.42719 -9.58425
1795 -3.85904 -1.13098
1796 -9.67217 -14.49515
1847 7.73549 -7.22913
1848 -1.95880 5.94608
1858 -10.47527 -11.30987
1859 2.31350 -2.18401
1860 8.91454 -1.68401
1861 5.43260 6.16956
1862 -0.42711 11.01930
1863 0.88592 -15.04590
1864 1.60212 -11.14955
1865 -3.59977 9.39541
1866 0.97114 12.05566
1867 -10.64749 -9.62741
1868 -5.53724 -2.46634
1869 -4.42501 -2.97921
1870 -5.20022 -2.92150
1871 -4.42319 -4.65228
1872 -5.38915 -4.17056
1873 -3.79924 -0.07892
1978 -10.48427 11.56360
1981 0.21370 -13.00416
2011 -4.58051 -4.47227
2012 -11.27134 -14.84829
2013 -11.11089 -14.84332
-99
6 H_25.40000_34.95449
1097 -10.20816 3.76916
1162 8.88108 7.43341
1191 -6.59243 -13.22293
1192 4.59288 12.63553
1206 2.85841 1.77227
1207 2.93772 1.34752
1209 6.84562 1.36980
1212 1.93910 1.91019
1217 0.78130 -16.27367
1241 -7.99682 -9.47493
1253 -10.28397 12.46658
1255 0.38433 7.84207
1257 1.24325 -14.35559
1259 -8.52223 4.94601
1265 0.27283 -15.99547
1266 -4.26629 14.33162
1267 0.57847 12.65519
1269 9.00908 7.14105
1270 -2.09479 15.06546
1271 0.48088 10.45040
1272 -10.54408 15.04802
1274 -2.02681 14.25159
1276 -8.84943 14.98996
1277 -0.18370 -15.14962
1278 7.89854 10.74548
1279 -5.85046 13.10685
1280 -9.54486 13.54291
1281 7.84863 6.24555
1284 -5.53189 13.01489
1287 8.28331 3.13325
1288 -10.18209 1.12424
1295 -11.52802 1.53881
1296 -2.25506 10.36083
1304 -7.04157 -2.54032
1309 0.03337 5.14337
1312 7.78584 2.13767
1317 -7.89769 2.82712
1318 -8.67513 0.33938
1319 -6.76920 -8.60790
1320 -12.23402 4.01441
1339 -1.92365 10.50061
1348 -11.48922 -7.84165
1366 -9.30741 -5.10078
1367 -11.99552 -8.05827
1368 -10.10082 -0.26470
1370 -11.42968 1.70501
1372 -10.43624 -5.53495
1376 -3.15062 5.10302
1382 -12.14919 -0.61185
1383 -12.35019 1.25794
1389 -7.83208 0.83436
1391 -11.43615 -8.57372
1392 -11.90439 -8.59923
1405 -9.36141 1.31806
1417 -5.92151 8.94946
1419 6.30669 11.75313
1421 4.68587 5.76761
1422 -10.24829 -4.11016
1424 -10.21891 -3.75247
1443 2.96054 9.45122
1453 -7.87917 -12.38035
1454 -6.49314 -10.85107
1456 -7.10042 2.51358
1458 -3.69367 10.82568
1460 -8.99349 -5.22714
1462 -8.59129 -11.61119
1463 -1.13441 11.35607
1466 4.92152 7.37261
1468 4.70909 8.12954
1469 -8.73131 -1.33045
1478 -7.35528 0.74879
1479 3.13395 7.96858
1481 -2.07393 9.41930
1484 -11.80571 11.63560
1485 -5.67908 5.75517
1493 -7.14492 -7.80843
1494 3.65718 -10.97501
1495 -8.68158 -2.75360
1501 3.90987 7.54005
1502 4.66172 4.55847
1504 5.56890 8.26955
1509 -3.57612 5.08118
1510 6.71110 10.93808
1511 4.04380 7.32129
1514 7.09609 4.03749
1515 -1.99183 6.49508
1516 7.89011 5.31611
1518 8.26426 4.58128
1521 3.82133 4.15873
1522 -7.60462 6.01021
1523 -7.80484 9.10071
1524 -9.06767 8.65619
1528 -8.08790 -8.47079
1531 7.28361 9.88209
1532 -7.24631 -8.19280
1534 -5.95827 6.02168
1536 -7.75982 3.47525
1538 -7.54033 -8.85822
1539 -7.09414 -7.32660
1540 -6.40553 -8.83772
1542 -7.06937 0.43097
1543 -7.86448 -6.03222
1546 3.82461 7.42508
1550 -10.27955 11.49761
1552 -9.10994 10.53262
1553 -7.15847 11.14654
1554 -9.83842 9.70037
1555 -8.92127 -11.58854
1556 -8.86069 -13.20955
1557 6.37621 8.05641
1559 -0.74268 7.35231
1560 -4.99380 4.44966
1563 7.25633 6.19458
1564 -4.54459 11.34725
1565 -5.46573 6.33638
1568 -10.72675 -5.89587
1569 8.12790 1.91014
1571 -2.14953 4.43239
1574 5.11939 4.98820
1575 -4.46487 6.39893
1576 -11.14400 3.89289
1578 -1.32480 13.05431
1581 -2.65160 4.37186
1582 -2.89841 7.62602
1583 -7.66954 -11.96676
1597 -7.67588 -4.94018
1615 -5.94793 -14.54501
1616 -1.18092 7.95853
1618 4.06295 -0.32991
1619 -4.09546 -15.29839
1620 6.75303 -9.42579
1621 7.13321 4.59832
1622 2.96861 -7.87089
1623 -5.04934 -16.21918
1624 -1.63267 -14.58183
1626 6.07370 -5.57585
1627 11.44338 -7.70684
1630 3.83470 5.15284
1631 -5.73985 -16.01399
1633 6.58565 3.96118
1634 -0.68444 9.26961
1638 10.16293 3.29283
1639 8.15097 -6.10622
1640 11.01834 -6.70751
1641 -12.11746 -13.62034
1642 -1.62011 1.71667
1643 -6.16758 -13.09926
1644 8.36986 -8.83455
1645 5.39502 -9.76248
1652 11.20018 3.93379
1653 -4.74110 2.12480
1654 -1.79158 3.33345
1655 -9.15897 -13.70313
1656 -3.27986 1.78040
1657 11.81245 4.89187
1658 2.86130 1.57250
1659 -10.95524 -11.13220
1660 8.03557 -3.90540
1661 3.08452 -5.26447
1662 3.02390 -15.54413
1663 2.86935 -16.57266
1664 -5.66912 14.85659
1665 11.43551 -6.65751
1667 8.74214 -2.47215
1668 9.94124 4.50601
1669 10.23053 -3.38992
1670 0.27903 3.04188
1671 8.53268 9.28536
1672 -6.31417 -15.09868
1673 -1.63351 -15.64660
1674 8.54788 2.15038
1675 5.73971 3.04097
1677 2.35964 -12.67375
1682 -9.80662 5.28924
1683 2.49484 4.43043
1684 -9.75409 5.72849
1688 -10.51090 7.39288
1689 -11.58925 6.43530
1690 -11.52329 3.55184
1692 -12.04773 5.06004
1693 -10.15510 6.73858
1698 -8.43643 5.26611
1699 5.69299 4.20736
1710 -3.92104 6.51480
1711 3.80738 3.67046
1716 6.82196 9.88505
1717 7.75717 9.83370
1718 6.84251 9.17291
1721 -9.10165 4.97516
1722 -8.31432 4.49195
1724 -9.75757 4.41337
1726 4.99673 10.75383
1730 1.74627 -12.20143
1732 7.66617 -3.75593
1733 11.01667 -7.15087
1735 9.76442 -0.05930
1736 10.65422 1.39312
1737 8.24969 -0.17822
1738 11.20233 -0.49485
1739 2.79199 2.18071
1741 11.39291 -1.43706
1742 -8.98073 -14.38946
1743 -3.46342 15.60391
1746 6.98209 -4.03081
1750 0.00739 14.40558
1752 5.64596 -2.02741
1754 -7.12427 13.49293
1756 2.67097 -13.74544
1757 2.89058 -10.11009
1758 -5.96775 15.84822
1759 1.52347 -15.96219
1761 -6.36483 -0.02892
1764 -9.06613 -15.65615
1793 -3.03191 -3.95417
1794 1.51876 -10.11811
1795 -0.49003 -2.10963
1797 10.27324 -8.20747
1798 11.91839 5.20000
1799 -8.25062 -8.73044
1800 -4.46128 -5.12135
1820 10.44958 -14.76342
1848 -3.22822 5.47837
1849 -10.20063 -15.94372
1858 -6.89389 -14.87064
1859 3.54925 -1.45195
1860 9.53219 0.99185
1861 3.69901 7.76061
1862 -3.65265 10.99592
1863 6.83034 -14.69017
1864 5.17563 -10.69782
1866 -2.59228 12.42908
1867 -7.84707 -13.21264
1874 -7.97827 5.61172
1875 10.70095 7.47885
1876 -8.76310 15.29662
1877 4.45971 -6.65547
1878 3.98914 -4.90391
1879 -7.19415 -4.11889
1880 -6.19611 -3.23781
1881 10.92415 -12.63804
1882 3.21748 13.12111
1883 -2.37404 -5.59176
1884 -3.90879 10.98983
1885 -3.75266 -1.43154
1886 -0.89653 -2.86178
1887 -2.37874 1.36087
1979 10.14195 -14.75755
1980 -11.97985 -6.08521
1981 4.38596 -13.03562
1982 5.54587 -13.57895
2014 -4.55003 -7.40395
2015 -1.49106 -7.22070
-99
7 H_25.40000_32.00755
1162 6.01934 7.44252
1191 -3.21173 -14.22886
1192 1.12948 11.14874
1195 -10.38583 -9.75431
1196 -5.86882 -4.18497
1198 1.72776 14.13121
1206 2.28001 1.36249
1207 2.44148 1.00288
1209 5.60284 1.75249
1210 -2.67223 4.93934
1241 -5.37742 -11.12845
1255 -1.69166 6.15164
1256 -1.57661 8.93787
1257 3.99752 -13.44210
1259 -9.12966 1.83244
1265 3.52634 -15.14955
1266 -7.38779 10.93597
1270 -5.63296 11.96322
1273 -9.47495 -8.67680
1274 -5.49507 11.27582
1275 -2.98715 7.01115
1276 -11.61385 10.66379
1277 2.91662 -14.48396
1278 4.44619 10.13813
1279 -8.51311 9.57339
1280 -11.95334 9.28612
1281 5.40899 6.21484
1282 -3.19685 8.94876
1284 -8.16478 9.57988
1287 6.48464 3.60420
1288 -9.76767 -1.96516
1295 -11.03655 -1.86899
1296 -4.16031 7.93539
1298 -10.47945 -8.50141
1304 -6.09221 -4.61077
1309 -1.02841 3.77267
1312 6.27633 2.63593
1315 -7.19066 -2.46004
1316 -7.88874 -1.41504
1317 -8.08081 0.03708
1318 -8.23018 -2.35705
1319 -4.48165 -10.05142
1324 -7.66915 1.12014
1338 -12.14684 -4.71546
1339 -3.89850 8.12572
1366 -7.56978 -7.42536
1367 -9.36193 -10.73492
1368 -9.38427 -3.20447
1370 -10.97916 -1.69523
1372 -8.49517 -8.07050
1373 -8.65040 -8.02680
1374 -11.15862 -5.72168
1375 -11.97802 -6.15442
1376 -3.79989 3.11318
1379 -12.09280 -2.49829
1381 -11.92902 -4.15357
1382 -11.12285 -3.95572
1383 -11.73244 -2.27610
1389 -7.56469 -1.73020
1392 -9.13814 -11.21363
1405 -9.06427 -1.61911
1417 -7.22246 5.98049
1419 2.84317 10.70377
1421 2.76320 5.17973
1422 -8.63154 -6.72835
1424 -8.68039 -6.39750
1428 -3.01382 2.73370
1441 -3.25965 8.66633
1443 0.47012 8.09538
1453 -4.61021 -13.76233
1454 -3.70242 -12.02015
1456 -7.29118 -0.07781
1460 -7.24205 -7.48221
1462 -5.42797 -13.21429
1463 -3.38676 9.02408
1466 2.63507 6.65185
1467 -4.24889 6.75170
1468 2.28345 7.27233
1469 -7.89651 -3.88145
1477 3.47984 8.11445
1478 -7.13225 -1.70879
1481 -3.77490 7.15018
1485 -6.28790 3.17436
1493 -4.98814 -9.40418
1494 5.45057 -9.84376
1495 -7.53139 -5.15207
1502 3.02177 4.15372
1504 2.98716 7.55057
1505 -6.06618 -4.01891
1508 2.36376 3.27877
1509 -4.17395 3.00359
1510 3.36054 10.06784
1511 1.88967 6.43707
1513 2.58427 11.28268
1514 5.24623 4.15725
1515 -3.15631 4.56161
1518 6.10911 4.85052
1522 -8.52363 2.95393
1524 -10.43692 5.01869
1525 -9.44828 5.79509
1526 -8.80787 5.54344
1527 -8.66852 5.94603
1528 -5.67246 -10.23154
1531 4.12430 9.26831
1532 -4.99499 -9.77380
1533 -5.45237 8.59165
1534 -6.58249 3.36537
1536 -8.10098 0.64986
1537 -6.00800 -10.11118
1538 -5.09993 -10.45137
1539 -5.05682 -8.95960
1540 -4.07148 -10.18061
1542 -6.79363 -1.93664
1543 -6.04834 -7.95424
1544 1.90491 6.11270
1546 1.67374 6.48667
1550 -12.15808 7.30641
1552 -10.90203 6.65697
1553 -9.27833 7.58982
1554 -11.37441 5.79962
1555 -5.75249 -13.26007
1557 3.75307 7.52895
1559 -2.22232 5.56202
1560 -5.33147 2.14758
1563 4.91191 6.07100
1564 -6.52547 8.35686
1565 -6.19233 3.74710
1567 -8.66592 6.40435
1568 -8.67859 -8.46451
1569 6.61962 2.50087
1571 -2.79688 2.70935
1574 3.33044 4.60654
1575 -5.29850 3.99756
1576 -11.23660 0.34347
1578 -4.05489 10.44615
1581 -3.22575 2.56140
1582 -4.19487 5.38753
1597 -6.11945 -6.91675
1612 1.37925 -0.21737
1615 -2.30283 -15.28561
1617 -0.45883 -7.82862
1618 3.72262 -0.24062
1621 5.16950 4.65166
1624 1.52281 -14.29325
1628 3.04631 3.64764
1629 -2.66809 -3.44711
1630 2.18059 4.50122
1633 4.82701 3.98757
1634 -2.50993 7.28086
1635 -12.25401 -3.02496
1637 -0.65716 -2.02824
1641 -8.18933 -15.89879
1642 -0.82456 0.51903
1643 -2.83588 -14.00923
1644 9.30405 -6.90800
1645 6.81435 -8.37393
1652 8.31572 4.78087
1653 -3.79147 0.24184
1654 -1.44872 1.91673
1655 -5.45564 -15.26654
1656 -2.37817 0.22804
1657 8.64199 5.71146
1658 2.31612 1.18578
1659 -7.70130 -13.32809
1662 5.88299 -14.09801
1663 5.98260 -15.05674
1664 -8.75223 11.14506
1671 5.32003 8.97501
1672 -2.47924 -15.88736
1673 1.75560 -15.26160
1674 6.93555 2.79514
1675 4.31825 3.02192
1677 4.66654 -11.67799
1682 -10.35758 1.85901
1683 1.15114 3.62142
1684 -10.41555 2.23877
1687 -10.91229 1.64383
1688 -11.48472 3.57869
1689 -12.24281 2.52958
1692 -12.35747 1.19917
1693 -10.99763 3.08818
1698 -9.11371 2.11468
1699 3.99766 4.03458
1708 4.10637 3.56122
1710 -4.83093 4.20699
1711 2.50188 3.19288
1715 -6.33784 7.04851
1716 3.72141 9.18622
1717 4.53568 9.31166
1718 3.90878 8.56389
1719 1.83371 11.56767
1721 -9.65683 1.72425
1722 -8.83353 1.44465
1723 -11.44013 1.18588
1724 -10.11762 1.09364
1726 1.97973 9.60907
1727 -3.33766 7.91062
1728 -8.54915 2.80300
1729 -10.64952 -12.07538
1730 3.96375 -11.37510
1731 9.75796 -5.27219
1732 7.64670 -2.53797
1733 11.24619 -4.84189
1734 4.70175 -2.99720
1735 8.48945 1.10867
1737 7.28523 0.70941
1739 2.13052 1.70907
1740 -2.48180 14.24624
1743 -6.97457 12.17272
1746 7.11776 -2.93640
1747 -5.91314 13.70710
1750 -3.56948 11.79352
1751 7.70611 -0.42381
1752 5.48261 -1.43420
1753 -4.37857 14.63998
1754 -9.75868 9.67025
1756 5.16689 -12.55887
1757 4.61467 -9.23897
1758 -9.23384 11.96181
1759 4.61379 -14.83272
1760 1.28225 13.66368
1761 -5.53097 -2.14208
1762 1.00065 -10.58359
1765 -7.64511 15.40632
1766 -9.33948 14.67644
1786 8.48945 1.10867
1789 1.85026 -2.05986
1791 0.92453 -3.69497
1792 -1.79514 -4.89423
1797 10.90846 -5.91342
1798 8.66168 6.02270
1799 -5.77545 -10.52230
1801 11.64891 10.08970
1850 10.33771 -3.16796
1858 -3.06239 -15.81185
1859 3.48108 -1.36311
1860 7.99723 1.98149
1861 1.48077 6.76572
1862 -5.66636 8.21687
1865 -7.39672 5.49120
1866 -5.04199 9.67674
1867 -4.39262 -14.51439
1874 -8.78001 2.51927
1875 7.07683 7.73843
1876 -11.61706 10.95831
1877 5.50042 -5.81967
1878 4.65337 -4.33007
1879 -5.86706 -6.06825
1880 -4.78103 -4.96676
1881 12.35285 -9.52829
1882 -0.30405 11.31487
1888 11.75431 2.03209
1889 12.12752 6.84375
1890 12.02095 8.76347
1891 9.96672 7.84200
1892 12.45175 1.24471
1893 9.94554 8.97559
1894 11.23923 10.83987
1895 10.69543 4.82171
1896 10.67238 11.31254
1897 12.32138 -1.74871
1898 -5.01896 -12.32248
1980 -9.81512 -8.83798
1982 7.93963 -11.74085
2016 -0.54370 -14.27311
-99
8 H_25.40000_30.66425
1191 0.04543 -12.64727
1192 -4.13307 10.68194
1193 -5.28486 14.13921
1194 8.62875 -9.80782
1195 -7.90395 -11.14282
1196 -5.96230 -4.83360
1197 6.06027 -12.90516
1198 -4.31672 13.46959
1199 8.46002 -11.65478
1200 7.90130 -12.81995
1201 9.25167 -9.10610
1202 -1.29118 -6.56627
1204 10.24181 -11.06551
1205 -9.55714 10.31325
1211 7.33994 -10.91026
1214 -1.47804 15.12587
1218 -2.27673 2.23227
1241 -3.01863 -10.70583
1254 -7.67435 -14.23115
1259 -11.10306 -0.56919
1264 -10.37236 -11.37666
1268 -11.51106 8.88773
1273 -7.49721 -9.91387
1281 1.31843 7.55225
1285 5.45730 2.56345
1286 -10.45469 7.08006
1287 3.07950 5.62765
1288 -10.24452 -4.09894
1295 -11.24230 -4.38312
1296 -6.94022 6.53328
1298 -8.37579 -10.06203
1304 -6.02320 -5.27830
1310 6.71008 -11.71872
1311 2.95811 -3.99881
1312 3.24489 4.74067
1315 -7.78846 -3.72286
1316 -8.75531 -3.03118
1317 -9.50163 -1.81994
1318 -8.73883 -3.95822
1324 -9.53696 -0.75099
1336 3.39528 -14.79088
1338 -11.15009 -7.24936
1348 -6.40519 -11.27018
1366 -6.24973 -8.19344
1367 -6.66640 -11.66308
1368 -9.45502 -5.06956
1369 -5.20010 12.20218
1370 -11.26215 -4.21356
1371 -8.63742 -7.38718
1372 -6.84982 -9.05383
1373 -6.99848 -9.06800
1374 -9.90041 -7.83417
1375 -10.46083 -8.46906
1379 -11.95735 -5.27873
1380 -12.41715 -6.51518
1381 -11.18033 -6.68550
1382 -10.53301 -6.25945
1383 -11.71511 -4.96320
1389 -8.35255 -3.21434
1390 -5.85357 -12.95168
1392 -6.29534 -12.01887
1405 -9.75175 -3.58248
1417 -9.29490 3.89569
1419 -2.36781 10.74632
1421 -0.59018 5.95815
1422 -7.38794 -7.91639
1424 -7.55062 -7.63593
1428 -4.24848 2.26379
1432 -0.92928 -13.64363
1438 -8.28952 -2.01249
1441 -6.42061 7.41352
1442 -3.68727 12.66494
1443 -3.49657 7.85648
1446 0.16309 8.12209
1447 -5.65757 -0.69893
1449 0.79790 -12.83036
1451 -0.29720 -12.14367
1453 -1.40482 -12.72233
1454 -1.27354 -10.90788
1455 -9.58673 -6.11833
1456 -8.74953 -1.67875
1457 -0.95337 -13.28865
1458 -8.72748 6.16143
1460 -5.94383 -8.13923
1462 -2.30267 -12.49773
1463 -6.64214 7.69307
1466 -1.14487 7.19973
1468 -1.67166 7.64224
1469 -7.87183 -5.21047
1471 0.66523 -12.25124
1477 -0.87110 8.68492
1478 -7.99353 -3.06648
1479 -2.63750 6.90280
1481 -6.26892 5.94974
1485 -7.33282 1.71542
1486 -7.48296 7.75968
1489 -7.37305 -3.21016
1491 -11.69801 3.96367
1492 -11.28107 4.07961
1493 -3.32514 -9.07783
1495 -7.08238 -6.19982
1501 -1.89430 6.90850
1504 -1.17121 8.05535
1505 -6.21517 -4.76483
1510 -1.65873 10.34501
1511 -1.68713 6.80719
1513 -2.79943 11.18709
1514 1.85432 5.75577
1515 -5.15956 3.81272
1518 2.29877 6.57382
1521 -0.31218 4.52142
1522 -10.98917 0.62982
1528 -3.59400 -10.02210
1531 -0.75547 9.83125
1532 -3.18367 -9.40934
1534 -7.70442 1.78576
1536 -9.73113 -1.29923
1537 -3.92957 -10.03238
1538 -3.00243 -10.01692
1539 -3.52949 -8.72348
1540 -2.23602 -9.46370
1542 -7.61324 -3.15235
1543 -4.75284 -8.17976
1555 -2.56466 -12.65480
1556 -1.62364 -13.78043
1557 -0.41913 8.23981
1559 -4.63753 4.95142
1563 0.98567 7.30543
1564 -9.59312 6.18688
1565 -7.44007 2.23661
1568 -6.86350 -9.45861
1569 3.57660 4.72697
1574 0.09817 5.60725
1575 -6.69026 2.71951
1576 -12.36382 -2.50573
1578 -8.17782 8.71131
1581 -4.35649 2.04935
1582 -6.31002 4.24751
1583 -1.48550 -12.29544
1588 -4.29349 -1.48698
1597 -5.16921 -7.28798
1621 1.63324 6.16231
1628 0.21826 4.72679
1630 -0.82651 5.21313
1633 1.57739 5.49776
1635 -11.91502 -5.79176
1654 0.00311 2.38513
1659 -4.25706 -13.37143
1675 1.53601 4.54145
1682 -12.23316 -0.89767
1683 -1.46779 4.15906
1684 -12.42960 -0.57814
1698 -11.21049 -0.29554
1699 0.90891 5.31520
1708 1.12319 4.93574
1710 -6.35158 3.04325
1711 -0.07956 4.17883
1716 -1.05554 9.67720
1717 -0.41426 9.98617
1718 -0.66983 9.19479
1719 -3.54437 11.24796
1721 -11.54762 -0.80349
1722 -10.70540 -0.80174
1724 -11.72557 -1.51198
1726 -2.61454 9.59114
1729 -7.29347 -13.27009
1759 6.65092 -10.65104
1763 6.58862 -8.78535
1768 7.48363 -8.41446
1769 5.27940 -11.17309
1771 -8.92498 -7.73403
1799 -3.59179 -10.28293
1801 4.99702 12.43528
1802 10.81083 -9.43542
1803 5.83180 3.11270
1821 -4.28627 -7.10933
1865 -9.27146 3.41364
1866 -8.80052 7.72361
1874 -11.06843 0.17940
1879 -5.28644 -6.47006
1888 6.94942 5.59611
1889 6.27818 9.80741
1890 5.67181 11.39891
1891 3.91290 10.06343
1892 7.77317 5.10095
1893 3.73790 11.03875
1894 4.40623 12.95352
1895 5.33828 7.62750
1896 3.66590 13.21618
1897 8.60711 2.57087
1898 -2.28210 -11.61135
1899 5.52668 -12.40026
1900 0.81939 12.60091
1901 2.90560 -10.39997
1902 7.89159 -9.28973
1903 -5.09292 12.29236
1980 -7.71173 -10.17801
-99
9 H_25.40000_22.83024
1155 -2.61245 1.89202
1191 3.75481 -9.06256
1192 -7.45348 7.43217
1193 -9.70805 9.82114
1194 8.76153 -3.95845
1195 -2.78717 -10.85271
1196 -3.72327 -5.24643
1197 8.03137 -7.13217
1198 -8.43100 9.57869
1199 9.33028 -5.38042
1200 9.34654 -6.41744
1201 9.12716 -3.27537
1202 0.82586 -4.87784
1203 5.73939 7.09776
1204 10.29496 -4.35328
1205 -12.30231 5.45506
1206 -0.08932 2.70433
1207 0.18700 2.58510
1209 0.50269 4.29148
1210 -5.18970 2.15115
1211 8.23831 -5.19777
1212 -0.49579 2.26171
1214 -6.18933 11.28363
1217 7.54689 -5.77650
1241 0.72439 -8.69205
1273 -2.95436 -9.74503
1275 -6.25910 3.26680
1282 -7.66750 4.26090
1283 -2.02090 -5.97346
1286 -11.85141 2.59446
1287 -0.01033 5.69860
1288 -7.36871 -6.23171
1289 9.55955 -9.10220
1290 8.44306 -7.80942
1295 -7.93258 -6.83996
1296 -7.59784 3.19426
1298 -3.52478 -10.20060
1299 -11.73866 -10.55631
1300 -4.87899 -10.69535
1301 -2.22543 -11.10736
1302 7.96503 9.20938
1303 -1.82910 10.11373
1304 -3.60263 -5.61500
1305 11.39786 -10.44422
1308 3.44006 6.93736
1309 -3.61452 2.30393
1312 0.45503 5.08574
1315 -5.60592 -5.03038
1316 -6.59440 -4.84331
1317 -7.69055 -4.15680
1318 -6.23191 -5.57923
1319 0.54889 -7.61515
1320 -10.37655 -6.47524
1324 -8.12620 -3.32796
1326 -3.68293 -5.17688
1334 -6.96276 8.95932
1338 -6.70422 -9.07246
1340 -7.01568 -10.42206
1348 -1.61249 -10.37931
1366 -2.63873 -7.95662
1367 -1.65262 -10.78534
1368 -6.36453 -6.70310
1369 -8.81015 8.29776
1370 -8.01816 -6.71691
1371 -4.69046 -8.22634
1372 -2.77956 -8.84221
1373 -2.88226 -8.90540
1374 -5.49482 -9.05850
1375 -5.68836 -9.75798
1376 -4.49444 0.59257
1379 -8.15005 -7.82090
1380 -8.03204 -8.96344
1381 -6.94731 -8.64119
1382 -6.61822 -8.05965
1383 -8.07818 -7.48015
1389 -6.18651 -4.85477
1391 -1.09911 -10.59852
1392 -1.25529 -10.92707
1405 -7.19194 -5.64222
1409 8.90617 -9.53364
1410 10.35326 -9.79597
1412 -9.79780 -1.10248
1413 -10.67453 6.47303
1415 -2.29207 7.51082
1416 -10.58768 4.27204
1417 -8.68615 0.32179
1418 4.21955 4.09480
1419 -5.99025 8.01342
1423 -1.31148 -6.45242
1429 -0.47111 0.96964
1432 3.35381 -10.14915
1433 4.93028 -9.69742
1434 6.90899 2.51028
1437 6.32114 2.79170
1438 -6.63247 -3.86574
1439 4.87439 -10.03854
1440 -8.33128 4.97455
1442 -7.66042 9.10879
1443 -5.76530 5.39325
1446 -3.01204 6.75317
1447 -3.89844 -2.06347
1448 4.62632 3.31761
1449 4.37707 -8.91807
1451 3.34027 -8.78876
1453 2.66167 -9.62608
1454 2.12561 -8.21122
1455 -5.93250 -7.58303
1456 -7.14314 -3.78143
1457 3.19399 -9.89114
1458 -9.17562 2.33065
1460 -2.42865 -7.80017
1462 1.94068 -9.79325
1463 -7.82441 4.21985
1466 -3.71030 5.61948
1467 -6.82710 2.48784
1468 -4.28869 5.79422
1470 -6.16796 -4.45625
1471 4.14427 -8.57873
1472 -9.39989 1.32663
1477 -4.00034 6.87097
1478 -5.98619 -4.60528
1481 -6.79331 2.94761
1482 5.53272 3.84973
1485 -6.21617 -0.74285
1488 5.28832 -9.35251
1489 -5.45381 -4.48918
1490 -4.23917 -6.07392
1493 -0.10432 -7.55399
1497 -4.21787 -1.61868
1501 -4.16621 5.15350
1502 -2.09142 4.39578
1504 -4.06352 6.27431
1506 -1.32438 3.55607
1507 -0.15040 2.33652
1508 -1.90978 3.59758
1509 -4.63041 0.34152
1510 -5.24530 7.92790
1511 -3.98691 5.14748
1512 -6.02074 -0.60075
1513 -6.51185 8.22898
1514 -0.95217 5.44203
1515 -5.36141 1.66149
1518 -0.94786 6.20397
1520 -3.63284 -0.05537
1521 -2.09362 3.80148
1522 -9.87199 -2.75324
1523 -12.22570 -1.68510
1524 -12.40212 -2.62049
1525 -12.32039 -1.61951
1526 -11.76436 -1.34306
1527 -11.92713 -1.09289
1528 0.04248 -8.38178
1531 -4.37559 7.77987
1532 0.11953 -7.76982
1533 -9.42343 2.76155
1534 -6.53873 -0.80261
1535 9.55965 -10.77292
1536 -8.08047 -3.82993
1537 -0.22214 -8.51900
1538 0.50156 -8.16516
1539 -0.40095 -7.36623
1540 0.84161 -7.46266
1543 -1.51893 -7.38884
1544 -3.78094 4.95776
1555 1.79800 -9.99985
1556 2.91084 -10.50706
1557 -3.48947 6.63943
1563 -2.12764 6.35189
1564 -9.86414 2.06207
1565 -6.47368 -0.36538
1567 -12.22016 -0.82769
1568 -2.62761 -9.15906
1569 0.69975 5.17602
1571 -3.87537 0.83678
1574 -2.21844 4.76879
1575 -6.03194 0.28403
1576 -9.67496 -5.75998
1577 -12.08247 2.14014
1578 -9.72881 4.54902
1579 8.50462 -10.57748
1581 -3.97066 0.53295
1582 -6.40090 1.61009
1583 2.43849 -9.33685
1587 7.81052 3.44370
1594 -4.01361 -1.70546
1597 -2.15897 -6.85652
1616 -5.92951 2.72436
1621 -1.26404 5.68653
1625 -12.09098 -4.94377
1628 -1.77439 4.13150
1630 -2.76111 4.17578
1632 -5.31234 -10.20953
1633 -1.05965 5.15144
1635 -7.89588 -8.20291
1666 -11.30968 -4.93003
1674 0.67834 5.47487
1682 -10.26374 -4.42048
1684 -10.56018 -4.23320
1686 -1.42877 0.61174
1687 -10.47090 -4.88562
1688 -12.12514 -4.07054
1689 -11.89956 -5.12965
1690 -9.58843 -6.15257
1691 -3.65002 -1.84388
1692 -11.08201 -5.95789
1696 -3.54656 -0.22905
1698 -9.68226 -3.56168
1699 -1.49098 4.78134
1700 -0.98587 -1.44034
1701 -1.56815 3.81749
1702 -3.87634 -0.89324
1704 -2.87708 1.23162
1705 2.45653 4.44069
1706 -2.02324 1.64676
1708 -1.17551 4.56677
1710 -5.90119 0.64014
1711 -1.78434 3.60981
1713 -1.65052 0.52843
1714 -0.35185 2.82033
1715 -8.90752 1.39856
1716 -4.54400 7.57407
1717 -4.17925 8.00429
1718 -4.05417 7.31034
1719 -7.13124 8.06375
1721 -9.74451 -4.09426
1722 -9.05983 -3.78860
1724 -9.61595 -4.71095
1727 -7.09496 3.58779
1771 -4.77304 -8.61866
1772 7.96323 6.52832
1776 8.69867 -11.10443
1777 0.42149 -11.12636
1781 2.35925 4.60337
1799 0.15895 -8.58999
1802 10.52268 -3.02775
1803 2.97467 4.66708
1804 10.79753 -8.18247
1821 -1.56909 -6.39838
1865 -8.48259 -0.05124
1866 -9.85836 3.57959
1874 -9.75419 -3.13441
1879 -2.57849 -6.27550
1899 7.54925 -6.94242
1904 10.18366 2.23606
1905 8.19311 -1.09864
1906 4.20681 0.81391
1983 9.68968 8.14663
1984 2.36185 6.52448
-99
10 H_25.40000_14.49628
1155 -2.88162 0.64119
1210 -4.83219 0.07368
1239 -9.00513 2.61088
1241 1.89056 -5.75867
1259 -7.15855 -5.29353
1288 -4.68057 -6.47294
1304 -2.14858 -4.85615
1306 4.62008 0.70416
1314 0.44008 -1.83298
1315 -3.79706 -5.04430
1316 -4.57846 -5.21881
1317 -5.65318 -5.04272
1319 1.42599 -5.05176
1321 -3.58434 0.90632
1324 -6.27390 -4.56328
1326 -2.34245 -4.56691
1327 -3.45485 -2.79634
1332 -8.43192 -0.45792
1335 -0.12621 -1.20811
1337 -6.76888 -2.21274
1343 -12.57360 3.00197
1360 0.02678 -0.95623
1364 8.13600 4.08767
1365 6.80608 -6.97580
1368 -3.79329 -6.50413
1371 -1.94565 -7.12320
1376 -3.68428 -0.93186
1389 -4.26469 -5.10570
1396 -11.44821 2.79231
1397 -10.44542 0.91023
1398 10.43322 -2.54714
1399 8.41587 -6.82542
1400 -11.60895 4.51863
1401 2.43519 6.42057
1402 -9.27322 1.88550
1403 -9.46518 -1.77726
1404 3.36874 5.54788
1405 -4.76416 -5.98610
1406 -11.61433 3.16820
1407 11.66888 1.03471
1408 7.24899 -7.05808
1409 7.81596 -4.02121
1410 8.87728 -3.80010
1411 8.03119 -5.00797
1412 -8.33418 -3.40673
1413 -11.81690 2.19349
1414 -4.74319 -5.31226
1415 -4.75026 5.08377
1416 -10.87100 0.47343
1417 -6.86851 -2.34919
1418 1.22158 4.23212
1419 -7.69101 4.42664
1420 -10.02422 7.03207
1421 -4.27866 2.86881
1422 -1.24397 -6.71990
1423 -0.23984 -4.77215
1424 -1.44344 -6.67505
1425 -0.58954 -2.59784
1426 5.19621 6.66427
1427 5.73156 -6.99812
1428 -3.41393 -0.65135
1429 -1.00136 0.56248
1430 -11.61520 0.65239
1431 10.25897 -6.14787
1432 4.12679 -5.99840
1433 5.20419 -5.26385
1434 3.61348 3.77986
1435 2.43786 -6.99475
1436 -11.84578 5.65043
1437 3.11461 3.80099
1438 -4.94142 -4.50881
1439 5.28458 -5.52420
1440 -9.01023 1.60775
1441 -7.11682 0.78622
1442 -9.28449 4.78023
1443 -6.59784 2.45638
1444 2.00001 3.74936
1445 -6.88546 1.52958
1446 -4.96922 4.30604
1447 -2.41759 -2.71133
1448 1.83048 3.73869
1449 4.52094 -4.86543
1450 -7.59179 6.60764
1451 3.79586 -5.07652
1452 -7.25100 0.16227
1453 3.49503 -5.83914
1454 2.74349 -4.98146
1455 -3.05489 -7.04744
1456 -5.36668 -4.59615
1457 3.94347 -5.86421
1458 -8.02182 -0.94077
1459 -5.79682 4.35748
1460 -0.57719 -6.08538
1461 0.01507 0.34229
1462 3.07874 -6.17427
1463 -7.38225 0.81504
1464 -11.62057 -0.75347
1465 0.81979 2.68973
1466 -5.14207 3.22349
1467 -5.97232 -0.22447
1468 -5.64146 3.18995
1469 -3.00949 -5.75507
1470 -4.37535 -4.81115
1471 4.19899 -4.72535
1472 -7.80571 -1.79029
1473 -11.35410 1.46836
1474 1.39845 3.47287
1475 -0.06677 3.75573
1476 -4.77753 -2.73927
1477 -5.73616 4.09337
1478 -4.22061 -4.87782
1479 -5.64151 2.38567
1480 6.68558 0.18474
1481 -6.11019 0.14090
1482 2.10926 4.44457
1483 -2.42068 5.95865
1484 -12.41053 -6.95742
1485 -4.60281 -2.41037
1486 -7.82530 0.44561
1487 -10.38534 1.32527
1488 5.32680 -4.91880
1489 -3.87643 -4.60008
1490 -2.41560 -5.40630
1491 -10.14927 -3.42884
1492 -10.02120 -3.16989
1493 0.95949 -5.20664
1495 -2.12503 -5.79833
1496 -0.49563 -2.46447
1497 -2.81087 -2.47507
1498 -7.23212 0.79711
1499 -10.05484 -0.05278
1501 -5.31303 2.73048
1502 -3.55732 2.75422
1503 0.47149 -1.37018
1504 -5.64109 3.62983
1505 -2.52552 -4.72702
1506 -2.70160 2.33276
1507 -1.08676 1.64298
1508 -3.14487 2.19894
1509 -3.69428 -1.16091
1510 -7.06755 4.53976
1511 -5.16018 2.78067
1512 -4.51577 -2.24055
1513 -8.17169 4.46849
1514 -3.08236 3.87920
1515 -4.84780 -0.33082
1516 -3.81250 4.38371
1517 -4.76265 5.01015
1518 -3.36411 4.47308
1519 -9.89321 -0.61120
1520 -2.93205 -1.12473
1521 -3.33308 2.29933
1522 -7.79390 -4.67796
1523 -9.99464 -4.61390
1524 -9.76518 -5.37179
1525 -10.08435 -4.59141
1526 -9.74147 -4.23880
1527 -9.97468 -4.06643
1528 1.31569 -5.74900
1529 -10.36820 -2.60393
1530 -12.06187 4.01696
1531 -6.36034 4.69736
1532 1.17149 -5.27559
1533 -8.33015 -0.69366
1534 -4.83676 -2.55448
1535 8.50453 -4.65273
1536 -6.04795 -4.92065
1537 1.18637 -5.91627
1538 1.58932 -5.45934
1539 0.68929 -5.15472
1540 1.57777 -4.85412
1541 -3.93345 -4.76118
1542 -4.01602 -4.69615
1543 -0.08334 -5.51004
1544 -4.95283 2.69544
1545 -8.49163 -0.04347
1546 -5.24642 2.66692
1547 -0.61069 0.72318
1548 -7.01421 -1.45013
1549 -1.90120 2.38521
1550 -12.09882 -6.00810
1551 6.64333 -1.87943
1552 -11.19195 -5.31979
1553 -11.41272 -4.07035
1554 -10.68409 -5.84021
1555 3.01006 -6.37843
1556 3.94838 -6.38371
1557 -5.27402 4.04797
1558 9.98932 -2.64688
1559 -5.15383 0.46347
1561 0.64250 -1.72028
1562 7.27451 0.99476
1563 -4.20874 4.23307
1564 -8.42027 -1.36834
1565 -4.90114 -2.22461
1566 2.68317 1.49793
1567 -10.29202 -3.96047
1568 -0.28132 -7.11720
1569 -1.79573 4.13551
1570 7.99386 1.00730
1571 -3.39589 -0.53073
1573 10.42196 -3.73245
1574 -3.78623 3.00113
1575 -4.76911 -1.59863
1576 -6.50675 -6.86996
1577 -11.07888 -1.70149
1578 -9.24038 0.59544
1579 7.70473 -4.80243
1580 3.96582 2.31088
1581 -3.34570 -0.79407
1582 -5.57563 -0.70008
1583 3.25885 -5.70296
1584 10.46814 2.89184
1585 3.73270 -1.04364
1586 7.18092 2.17819
1587 3.90312 4.70032
1588 -1.38002 -2.41389
1589 -6.57372 5.04862
1590 3.80646 -4.87882
1594 -2.61503 -2.47780
1597 -0.69614 -5.32105
1621 -3.39382 3.97707
1628 -3.23147 2.64508
1630 -3.97684 2.40153
1633 -3.06291 3.62606
1648 1.98046 -3.26091
1666 -8.10708 -6.76185
1674 -1.91610 4.36951
1679 -6.03151 2.64847
1682 -7.49885 -6.04441
1683 -3.75010 1.60748
1684 -7.78873 -6.00014
1685 -2.40791 -2.56948
1686 -1.56044 0.01559
1687 -7.48888 -6.45184
1688 -9.03027 -6.38945
1689 -8.48428 -7.10084
1691 -2.31151 -2.47506
1693 -8.57533 -6.16374
1694 0.14334 0.50517
1695 -0.01091 -0.24733
1696 -2.80492 -1.23458
1697 0.64888 -1.41126
1698 -7.36124 -5.22122
1699 -3.23721 3.20337
1700 -0.54170 -1.39012
1701 -2.96893 2.46298
1702 -2.85750 -1.84787
1703 0.81979 2.68973
1704 -2.83376 0.06405
1705 -0.14159 4.01469
1706 -2.36520 0.61889
1707 -0.05071 -0.78889
1708 -2.94499 3.15055
1709 -2.62070 -1.14386
1710 -4.79109 -1.29555
1711 -3.06325 2.25028
1713 -1.68971 -0.12320
1714 -1.39991 1.93532
1715 -7.45907 -1.58487
1716 -6.40911 4.48472
1717 -6.28776 4.92908
1718 -5.94266 4.41767
1719 -8.60340 4.13712
1720 -7.36463 -4.26921
1721 -7.22252 -5.64136
1722 -6.81670 -5.19566
1723 -7.31368 -6.86227
1724 -6.90875 -6.06101
1726 -7.00787 3.71766
1727 -6.58703 0.54608
1776 7.93294 -5.09849
1781 -0.25905 4.10640
1782 0.68023 4.21826
1786 -0.50876 4.71516
1799 1.47184 -5.85826
1804 8.53415 -2.50436
1805 -1.75498 6.31453
1818 -8.07696 -1.42454
1835 -0.72736 0.48233
1840 -10.08896 -1.79776
1848 -3.93267 -0.94000
1851 -1.54065 5.95313
1861 -5.45965 2.65025
1865 -6.58756 -2.56823
1874 -7.56658 -4.92618
1907 11.80207 -5.37793
1908 9.48662 4.15772
1986 -1.28703 -3.36539
1987 1.15078 -1.59903
1988 6.46491 4.49775
1990 -6.52451 -4.42987
-99
11 H_25.40000_13.05898
1155 0.24407 -0.14394
1210 -1.22060 -1.26409
1218 -0.03225 -0.55211
1241 5.85253 -4.28636
1268 -9.35762 -5.34448
1283 3.10884 -4.29227
1285 1.76624 3.63410
1286 -7.22205 -4.92773
1287 -0.96149 3.09073
1289 10.27605 -0.32440
1291 -9.17197 3.44852
1292 6.22732 3.16484
1293 -10.48254 4.67671
1294 -5.20988 4.59776
1297 -5.36354 5.75213
1304 2.11940 -4.92076
1306 7.88633 2.77682
1307 10.31944 4.09265
1311 3.15561 0.38743
1314 4.11406 -1.09831
1315 0.79245 -5.64265
1316 0.14133 -6.09012
1317 -0.89782 -6.33473
1318 0.71612 -6.27980
1319 5.21381 -3.84580
1322 -7.39451 0.83485
1324 -1.63234 -6.14111
1327 1.07937 -3.27459
1329 -8.52273 -1.15897
1330 -3.74780 -5.34688
1331 -4.28673 -4.85378
1333 -3.23699 -1.81922
1335 3.31116 -0.80893
1336 8.89365 -1.81384
1337 -2.13945 -3.94898
1341 9.88665 -5.66913
1342 10.77218 -5.09018
1343 -10.43620 -1.67137
1344 -8.19872 4.24239
1345 0.07047 -2.15000
1346 -9.22769 -1.10457
1347 -6.82396 5.33114
1348 5.63386 -6.27951
1350 -4.70130 -4.30641
1355 8.92689 -5.84267
1357 8.41313 -5.69117
1358 8.68883 -6.16616
1359 7.90543 -6.39489
1360 3.34326 -0.54320
1361 3.87686 3.08196
1363 -10.29059 2.61115
1364 8.70789 6.28211
1365 10.39882 -3.60526
1369 -7.50388 0.26185
1376 0.23057 -1.72395
1378 4.38145 2.55158
1384 5.44037 -1.50912
1385 2.64243 4.21919
1386 -6.05990 5.24764
1387 -3.57251 5.79473
1389 0.37956 -5.87356
1391 5.99122 -6.12315
1392 6.08916 -6.35007
1395 5.82322 1.59149
1396 -9.28229 -1.45278
1397 -7.57814 -2.78482
1400 -10.09919 0.03858
1401 2.15458 6.21707
1402 -6.57812 -1.41304
1403 -5.58973 -4.81961
1404 3.18790 5.72362
1406 -9.58542 -1.17496
1407 12.32557 4.76462
1408 10.79710 -3.50257
1409 10.14855 -0.83299
1410 10.93128 -0.31250
1411 10.54059 -1.61733
1412 -3.95329 -5.87273
1413 -9.37835 -2.12697
1414 0.02793 -6.23043
1415 -3.16635 3.05725
1416 -7.77080 -3.30951
1417 -2.15432 -4.09919
1418 2.35999 4.17467
1419 -5.56903 1.54851
1420 -9.13217 2.95622
1421 -1.99040 1.26638
1422 3.62283 -6.17831
1423 3.71159 -4.17712
1424 3.44284 -6.21157
1425 3.45654 -2.13423
1428 0.30475 -1.41707
1429 1.90612 0.40518
1430 -8.57554 -3.43241
1432 7.76414 -3.73356
1433 8.49061 -2.71888
1434 4.52454 4.50827
1435 6.93063 -5.07459
1436 -10.67879 1.00437
1437 4.10595 4.36915
1438 -0.46389 -5.60833
1439 8.66381 -2.90474
1440 -6.24668 -1.58175
1441 -3.39070 -1.36608
1442 -7.09301 1.36196
1443 -3.84216 0.17119
1444 3.23608 4.01303
1445 -4.23188 -0.91133
1446 -3.06910 2.33492
1447 1.95875 -2.83982
1448 3.10307 3.96076
1450 -6.76902 3.33508
1451 7.23515 -3.04122
1452 -3.27870 -1.95936
1453 7.21369 -3.80260
1454 6.32449 -3.31320
1456 -0.81127 -5.83724
1457 7.57422 -3.67579
1458 -3.77151 -3.26952
1461 2.84609 0.54785
1462 6.99763 -4.22346
1464 -7.89073 -4.64802
1465 2.61842 2.76214
1466 -2.83507 1.31159
1468 -3.27286 1.11958
1469 1.70678 -5.99263
1470 0.18104 -5.65434
1473 -8.64737 -2.57343
1474 2.80714 3.59608
1475 1.44721 3.38335
1477 -3.65511 1.89481
1478 0.33002 -5.67599
1479 -2.96343 0.41700
1480 9.64482 2.93819
1481 -2.22649 -1.58335
1482 2.94292 4.58768
1483 -1.96380 4.34209
1485 -0.08959 -3.36892
1486 -3.89602 -1.90294
1487 -7.66899 -2.39910
1488 8.45563 -2.39379
1489 0.51402 -5.30388
1490 2.11309 -5.48230
1492 -5.61430 -6.27426
1493 4.87737 -4.13476
1495 2.48991 -5.71540
1496 3.48657 -1.98834
1497 1.50377 -2.78256
1498 -3.50628 -1.40052
1499 -6.82649 -3.50505
1500 -5.53104 -2.43228
1501 -2.79919 0.83101
1502 -1.29963 1.40511
1503 3.96755 -0.71816
1504 -3.43686 1.50299
1505 1.69867 -4.93853
1506 -0.38344 1.31992
1507 1.52487 1.31437
1508 -0.72370 1.05632
1509 0.31011 -1.92359
1510 -5.02576 1.85062
1511 -2.68373 0.92469
1512 -0.08528 -3.17297
1513 -6.02909 1.38398
1514 -1.30464 2.51717
1515 -1.12895 -1.63463
1516 -2.14865 2.72125
1517 -3.18594 2.97645
1518 -1.78907 2.93515
1519 -6.46842 -3.94900
1520 0.87635 -1.66907
1521 -0.91857 1.08615
1528 5.38163 -4.47186
1529 -6.15096 -5.91011
1530 -10.34063 -0.56792
1531 -4.45104 2.22554
1532 5.08763 -4.12887
1534 -0.25814 -3.55667
1535 10.84513 -1.15984
1537 5.33605 -4.64388
1538 5.50973 -4.12884
1539 4.63568 -4.18457
1540 5.26809 -3.62201
1542 0.42596 -5.43648
1543 4.12194 -4.74627
1551 9.85932 1.06122
1555 7.00470 -4.41078
1556 7.77812 -4.10406
1557 -3.22102 2.00290
1558 11.28485 0.92869
1559 -1.66110 -1.03834
1561 4.24728 -0.95669
1562 9.78163 3.76390
1566 5.96404 2.81931
1570 10.26617 3.95751
1571 0.26504 -1.31500
1572 12.34938 -0.50234
1573 12.10910 0.22511
1574 -1.59075 1.53581
1575 -0.49671 -2.68476
1577 -6.99235 -5.29604
1578 -5.47061 -2.34090
1580 6.54774 3.81916
1581 0.42514 -1.50876
1582 -1.59853 -2.19606
1584 11.10997 6.02592
1585 7.60083 0.98256
1586 9.18312 4.66108
1587 4.39709 5.34928
1588 2.70081 -2.24785
1590 7.17697 -2.87884
1597 3.53917 -4.79558
1621 -1.61772 2.50713
1628 -0.96897 1.41239
1633 -1.18684 2.30841
1674 -0.48148 3.29630
1685 1.88437 -2.72487
1686 1.63078 -0.23886
1691 1.93964 -2.61146
1695 3.04620 0.03945
1696 1.02138 -1.71736
1697 4.13596 -0.69959
1699 -1.17109 1.88267
1700 3.04627 -1.07763
1701 -0.66475 1.34115
1702 1.23734 -2.25054
1703 2.61842 2.76214
1704 0.50928 -0.61717
1705 1.28423 3.58295
1706 0.70466 0.01704
1707 3.21724 -0.43136
1709 1.18957 -1.56699
1710 -0.64193 -2.43184
1711 -0.66869 1.12852
1712 -2.09019 -1.55153
1713 1.57728 -0.41332
1714 1.14775 1.48160
1715 -3.00720 -3.64258
1716 -4.41533 2.01452
1717 -4.47471 2.44043
1718 -3.96206 2.10667
1719 -6.29991 0.98945
1720 -2.73766 -6.28051
1726 -4.62389 1.16465
1777 6.94883 -5.62350
1781 1.13922 3.64301
1782 1.91260 4.00043
1783 -8.61779 -6.28011
1799 5.54011 -4.51083
1806 9.44226 -2.31346
1807 -8.04340 3.12510
1822 -9.09831 5.40067
1835 2.16352 0.42309
1837 -3.98000 -3.29492
1840 -6.17969 -5.08311
1879 2.98541 -4.72902
1900 -5.66548 3.91197
1909 2.68889 2.39206
1986 2.97165 -3.08912
1987 5.17300 -0.49167
1988 6.74958 5.99615
1989 -9.85782 5.87806
-99
13 H_25.40000_16.31844
1155 0.80156 -0.41770
1165 8.04136 -7.12454
1231 3.61510 5.14038
1233 8.35513 -6.18226
1234 -4.86664 -5.16437
1235 -2.57770 -7.78621
1236 -5.24363 4.79603
1239 -6.30853 -2.80176
1240 -10.01223 -2.36692
1241 6.83143 -3.78759
1242 -8.94704 6.98118
1243 10.20048 0.89456
1246 -3.72453 -1.92391
1248 -1.70219 -0.50132
1250 6.38723 -0.29044
1258 10.91754 -5.39090
1261 -0.18906 3.51016
1291 -10.40422 0.56352
1292 6.78101 5.08305
1293 -11.94367 1.68595
1294 -6.63679 2.53932
1297 -6.83016 3.81813
1298 6.66450 -6.84481
1300 6.77845 -7.76378
1301 7.56149 -6.40138
1303 -6.36629 2.68348
1304 3.31521 -5.36079
1306 8.52441 5.13813
1307 10.19512 6.63949
1314 5.00265 -0.32541
1315 2.16457 -6.47103
1316 1.68850 -7.04989
1317 0.67435 -7.59891
1318 2.32201 -7.09659
1319 6.06928 -3.52134
1321 0.07352 -0.58793
1322 -7.48919 -1.36497
1323 -6.44585 -6.33861
1324 -0.14731 -7.60203
1325 -2.70897 4.54164
1327 2.61086 -3.21187
1328 0.48381 6.89592
1329 -8.98619 -4.41575
1330 -2.60937 -7.38985
1331 -3.33747 -7.02803
1332 -3.08883 -4.36975
1333 -2.08244 -2.72687
1335 4.04667 -0.33509
1337 -0.48481 -4.72815
1341 11.19014 -4.05526
1342 11.82259 -3.28782
1343 -10.99014 -5.45872
1344 -9.57728 1.59247
1345 1.32077 -2.31421
1346 -9.78818 -4.54792
1347 -8.25547 3.08957
1348 7.22685 -5.79763
1349 -3.25106 -4.52141
1350 -3.93263 -6.59700
1351 -8.10466 6.78365
1352 -9.71047 -3.75214
1353 -6.45388 -1.47716
1354 11.66544 0.35496
1355 10.27979 -4.51304
1356 -6.61316 7.59418
1357 9.74530 -4.49095
1358 10.14273 -4.89565
1359 9.45539 -5.31229
1360 3.99613 -0.07325
1361 3.36733 3.40533
1362 -3.61001 -3.10023
1363 -11.56358 -0.67039
1364 7.56198 7.79587
1365 11.09191 -1.90208
1366 5.33953 -5.55433
1367 7.49200 -5.94712
1368 3.11721 -7.58538
1369 -7.45691 -1.96582
1371 5.08641 -6.81037
1372 5.87419 -5.96860
1373 5.88888 -6.04918
1374 5.41899 -7.61611
1375 5.87263 -7.97820
1376 1.34316 -1.86248
1377 -6.13632 7.93352
1378 5.23908 4.15385
1384 6.52820 -0.30514
1385 1.81924 4.16595
1386 -7.50206 3.11200
1387 -5.08912 4.15375
1388 11.15773 5.51310
1389 1.87357 -6.76434
1390 8.24858 -5.50851
1391 7.52300 -5.55245
1392 7.69166 -5.75024
1393 6.06000 4.46762
1394 2.56873 -7.09141
1395 6.82868 3.50416
1396 -9.73785 -4.92744
1397 -7.49403 -5.81868
1398 10.67265 2.71298
1399 12.06987 -0.94164
1400 -11.07860 -3.60865
1401 0.36033 5.55982
1402 -6.49953 -3.87939
1403 -4.70190 -7.32211
1404 1.44539 5.26168
1405 2.01542 -7.77722
1406 -10.18868 -4.71160
1407 11.12964 6.96700
1408 11.42771 -1.70553
1409 9.99492 0.63000
1410 10.58125 1.30654
1411 10.48332 -0.11784
1412 -2.67280 -7.98693
1413 -9.66176 -5.63951
1414 1.61106 -7.22623
1415 -3.73838 1.75755
1416 -7.47954 -6.37772
1417 -0.45809 -4.89070
1418 1.54904 4.06834
1419 -5.75840 -0.22178
1420 -10.37785 -0.03654
1421 -2.05951 0.27568
1422 5.26024 -6.18619
1423 4.70010 -4.22203
1424 5.09469 -6.25352
1425 4.60910 -1.54689
1426 1.87888 6.65532
1427 10.27637 -2.56302
1428 1.27825 -1.60280
1429 2.27579 0.48382
1430 -8.37716 -6.74401
1431 12.46723 0.10417
1432 8.50068 -2.79067
1433 8.98505 -1.54934
1434 3.55436 4.82779
1435 8.27620 -4.12508
1436 -11.89924 -2.69596
1437 3.21076 4.59699
1438 0.90712 -6.73207
1439 9.21365 -1.67241
1440 -6.10205 -3.97628
1441 -2.38222 -2.32605
1442 -7.23264 -0.69547
1443 -3.57507 -1.18211
1444 2.49662 4.13169
1445 -4.15200 -2.78589
1446 -3.35276 1.03465
1447 3.34912 -2.57745
1448 2.38660 4.06852
1449 8.18969 -1.69114
1450 -8.00038 0.83915
1451 7.84175 -2.19512
1452 -2.06775 -2.86752
1453 7.99979 -2.98899
1454 7.07731 -2.67660
1455 4.20725 -7.40490
1456 0.61717 -7.06685
1457 8.29653 -2.78295
1458 -2.41768 -4.50310
1459 -4.06547 0.74849
1460 5.30588 -5.35806
1461 3.17084 0.83542
1462 7.91961 -3.43982
1463 -2.61894 -2.42726
1464 -7.12367 -7.67266
1465 2.24474 2.82885
1466 -2.87958 0.15860
1468 -3.26944 -0.12328
1469 3.23886 -6.54364
1470 1.61308 -6.58415
1471 7.83932 -1.72487
1472 -1.64082 -5.01889
1473 -8.65638 -5.86844
1474 2.19358 3.65736
1475 0.87311 3.14517
1476 1.48513 -3.96454
1477 -3.84725 0.57004
1478 1.76966 -6.60029
1479 -2.74482 -0.73253
1480 10.03087 5.56499
1488 8.83678 -1.25870
1489 1.82303 -6.16880
1490 3.51806 -5.90963
1493 5.83108 -3.89012
1495 3.94634 -6.05354
1496 4.59057 -1.39604
1497 2.88103 -2.63731
1498 -2.47399 -2.37269
1500 -4.50532 -4.10269
1501 -2.70032 -0.30000
1502 -1.36918 0.57070
1503 4.73982 -0.01658
1504 -3.56133 0.19926
1505 2.95140 -5.47779
1506 -0.41865 0.70339
1508 -0.68554 0.37033
1510 -5.26141 0.21091
1511 -2.60710 -0.17217
1512 1.37939 -3.42393
1514 -1.70847 1.62775
1515 -0.16291 -2.20748
1516 -2.64145 1.62519
1518 -2.34152 1.90623
1520 1.89750 -1.73098
1521 -0.88467 0.35603
1528 6.43431 -4.08080
1530 -11.18266 -4.30441
1531 -4.77455 0.70839
1532 6.03004 -3.82258
1533 -2.85571 -4.49674
1535 10.67960 0.41974
1536 0.27539 -7.74454
1537 6.43978 -4.27489
1538 6.46396 -3.71071
1539 5.61066 -3.99717
1541 1.88189 -6.32870
1542 1.77243 -6.33057
1543 5.27770 -4.68260
1544 -2.37462 -0.13315
1545 -3.42375 -4.08620
1546 -2.60175 -0.31272
1547 2.48869 0.80867
1548 -1.22742 -4.30716
1549 0.56819 1.42724
1551 10.36594 3.50173
1561 5.08717 -0.16765
1562 9.86203 6.29183
1566 6.67221 4.73908
1570 10.17175 6.48903
1573 11.51176 2.06622
1580 6.75775 5.62164
1582 -0.43689 -2.82540
1585 8.63807 3.28986
1586 8.97491 6.90056
1589 -5.19772 0.83053
1590 7.73531 -2.05514
1594 3.03202 -2.53294
1595 2.09239 2.76695
1597 4.72305 -4.86018
1598 -0.43152 6.49817
1600 4.59443 0.02550
1611 2.00537 -4.91949
1628 -1.03798 0.64901
1633 -1.52781 1.45607
1647 9.03758 0.34178
1674 -1.11018 2.53841
1685 3.24335 -2.49020
1686 2.21254 -0.18532
1691 3.25958 -2.36809
1694 3.17646 1.00249
1695 3.52175 0.40360
1696 2.05810 -1.74139
1697 4.90658 0.03541
1699 -1.37306 1.05547
1701 -0.71025 0.65713
1702 2.44359 -2.19589
1703 2.24474 2.82885
1704 1.20621 -0.81169
1705 0.66465 3.28658
1706 1.20688 -0.16484
1707 3.83470 0.00025
1708 -1.14562 1.17038
1709 2.17377 -1.55684
1711 -0.65306 0.44963
1712 -0.96671 -2.17397
1713 2.21256 -0.35517
1714 1.30895 1.41968
1715 -1.50538 -4.67161
1716 -4.67642 0.51074
1717 -4.86393 0.91075
1718 -4.23187 0.70738
1719 -6.36822 -0.93939
1725 -1.65066 -7.57706
1727 -1.76809 -2.21504
1771 5.32971 -6.99760
1775 3.21076 4.59699
1776 10.44386 -0.25800
1777 8.28942 -4.81758
1778 2.65348 7.97903
1781 0.50819 3.31391
1782 1.15747 3.81102
1787 8.03722 -6.82209
1799 6.60012 -4.08461
1806 9.79202 -0.91354
1807 -9.29238 0.35483
1809 10.26376 3.96725
1810 -2.46003 1.71798
1811 10.64034 -5.69346
1812 -0.70850 -7.28064
1818 -2.12492 -4.90242
1821 4.57276 -4.37326
1823 1.73918 7.50798
1835 2.53554 0.56359
1837 -2.62643 -4.57815
1840 -5.27457 -7.77161
1848 1.16412 -2.00803
1851 -2.63812 3.23700
1879 4.15293 -4.94635
1898 7.36240 -3.41877
1910 -0.99212 4.29992
1911 -6.10765 3.39165
1912 4.38010 -2.69219
1986 4.25895 -2.74124
1987 6.34395 0.95887
1988 5.40124 6.76399
1989 -11.32436 3.23362
1993 -6.21699 3.39979
2008 0.08276 -6.52527
-99
14 H_25.40000_21.75395
1155 0.46512 -1.26065
1156 11.34796 -7.52714
1190 6.02887 -0.57605
1203 -5.61519 3.51157
1237 -9.52711 3.67267
1238 -1.07450 -10.65463
1241 7.22121 -3.99035
1244 11.39681 -6.09041
1247 -2.05607 1.20104
1282 -2.32079 -4.13135
1283 4.56501 -5.55395
1292 6.64083 7.26031
1294 -10.11148 -0.45458
1295 5.01607 -10.31163
1297 -10.61574 1.08136
1300 8.92092 -8.21509
1304 3.99939 -6.78287
1305 10.09341 3.17125
1306 8.53827 7.76977
1307 9.35738 9.45896
1308 -6.06272 1.89243
1314 5.24554 0.10705
1315 3.14162 -8.38863
1316 2.85652 -9.18023
1318 3.56774 -9.04020
1319 6.29309 -3.92491
1321 -0.28407 -1.64856
1326 3.60783 -6.73861
1327 3.70759 -3.74428
1329 -11.17659 -9.84180
1335 4.06114 -0.26007
1338 7.31351 -9.48881
1339 -1.37912 -4.20663
1340 8.53455 -9.96728
1345 2.00246 -3.07261
1346 -12.16610 -10.28581
1348 8.43875 -6.04612
1349 -2.56187 -7.05248
1350 -3.96338 -10.60986
1351 -12.08267 4.83473
1352 -12.38074 -9.31416
1353 -7.74779 -4.64472
1354 10.88256 1.86979
1355 11.16647 -3.75994
1356 -10.58663 6.10995
1358 11.17251 -4.20373
1359 10.62666 -4.86041
1360 3.88419 0.00330
1362 -4.51605 -6.16955
1366 6.33232 -6.34695
1367 8.79024 -6.12431
1368 4.66710 -9.31528
1371 6.67709 -7.72733
1372 7.06792 -6.64098
1373 7.12042 -6.71967
1374 7.38893 -8.49611
1375 8.03321 -8.74159
1377 -10.14954 6.59572
1379 5.95472 -10.63008
1380 7.06446 -10.67867
1381 6.89384 -9.64554
1382 6.35353 -9.30787
1383 5.63148 -10.52281
1386 -11.25719 0.04042
1388 10.89356 8.54742
1389 2.95617 -8.78806
1390 9.41822 -5.42707
1391 8.66315 -5.69147
1392 8.91665 -5.85442
1393 6.14430 6.45176
1394 3.84123 -8.94907
1395 7.24823 5.58338
1402 -7.72085 -8.02141
1421 -3.33961 -1.47150
1423 5.06799 -5.09958
1424 6.39386 -7.16095
1427 10.48323 -1.63860
1429 1.78033 0.15310
1433 8.80189 -0.87437
1435 9.16689 -3.75995
1438 1.82417 -9.11222
1440 -7.21695 -8.01504
1443 -4.45460 -3.49175
1444 0.47896 4.05460
1445 -5.31471 -5.99579
1447 4.24570 -2.84922
1449 7.93516 -1.29306
1450 -11.44734 -2.98915
1451 7.77526 -1.92074
1452 -1.49651 -4.60149
1454 6.93946 -2.89611
1455 5.97003 -8.64539
1456 1.61044 -9.57266
1457 8.39119 -2.48879
1459 -5.78003 -1.44449
1460 6.20625 -6.15358
1461 2.59950 0.74426
1463 -2.31766 -4.28301
1466 -4.21359 -1.80013
1467 -0.14010 -3.72051
1469 4.37932 -8.11983
1470 2.60118 -8.66156
1472 -0.45993 -7.11307
1476 2.71233 -4.93213
1477 -5.42693 -1.57965
1479 -3.67419 -2.74617
1480 9.80064 8.44561
1487 -9.06055 -10.57135
1488 8.52128 -0.60557
1489 2.63490 -8.16144
1490 4.47741 -7.30755
1493 6.18014 -4.38874
1495 4.97467 -7.34523
1496 5.12375 -1.22509
1497 3.75029 -3.05077
1501 -3.80797 -2.25149
1502 -2.69049 -0.95165
1503 4.82131 0.35064
1505 3.63146 -7.02188
1506 -1.62966 -0.54442
1508 -1.80213 -0.97429
1511 -3.75537 -2.07867
1512 2.38828 -4.36491
1520 2.25903 -2.36725
1528 6.91689 -4.41610
1531 -6.62817 -1.69261
1532 6.37745 -4.27198
1536 1.48774 -10.45635
1537 7.00092 -4.63229
1538 6.81961 -3.99582
1539 5.98644 -4.57799
1541 2.75007 -8.32661
1542 2.63545 -8.35507
1543 5.89024 -5.43130
1544 -3.49357 -1.97302
1546 -3.70232 -2.22789
1547 1.84903 0.52077
1549 -0.47729 0.75418
1561 5.27468 0.29053
1562 9.27248 9.10465
1568 7.36936 -6.55867
1580 6.23750 7.69360
1585 9.15101 5.74894
1589 -7.19309 -1.68104
1590 7.60374 -1.80934
1594 3.87844 -2.88261
1597 5.36836 -5.77435
1606 2.54356 1.18466
1635 6.36507 -10.46819
1676 4.02543 10.66687
1678 -3.36624 4.52352
1680 2.16556 -0.73713
1681 1.18270 4.60989
1685 4.09360 -2.77905
1686 1.95049 -0.59970
1691 4.06080 -2.64607
1694 2.51830 0.93481
1695 3.16930 0.38079
1696 2.44189 -2.32934
1697 4.98286 0.45864
1701 -1.95392 -0.66470
1704 1.08668 -1.57298
1706 0.80708 -0.87740
1707 3.68229 0.03717
1709 2.51386 -2.08013
1711 -1.80154 -0.87994
1712 -0.49976 -3.50069
1713 2.03605 -0.79056
1714 0.44295 0.97037
1716 -6.41837 -1.88498
1719 -7.88378 -4.04781
1772 -4.29051 4.95106
1773 -5.02059 7.16344
1774 -4.97123 2.95373
1777 9.18666 -4.67438
1787 9.74693 -6.89861
1799 7.09898 -4.37396
1808 12.16695 -2.38619
1809 10.32492 6.68876
1824 -5.55442 7.65187
1825 -7.78036 4.20616
1826 -7.15206 8.83674
1827 -5.77538 -10.14478
1828 -7.97279 8.33873
1829 -8.73519 0.95500
1830 -10.01240 6.57753
1831 -10.92361 1.06855
1835 2.00796 0.27994
1836 2.69007 3.97909
1841 6.30370 9.72434
1842 -11.40946 -6.29967
1883 0.67929 -7.82838
1901 6.99779 0.84909
1904 -0.94768 4.45476
1905 0.44280 1.52810
1907 11.78225 3.25759
1913 0.16968 -7.60859
1914 0.79022 -6.06783
1915 -2.63792 -0.64295
1916 -3.67772 0.96754
1917 2.32860 3.90340
1986 5.02844 -2.95130
1987 6.98776 2.34299
1990 0.60436 -10.61805
1991 0.67175 8.18776
1992 3.65525 5.91583
1994 3.44350 9.83074
2020 12.08642 -2.07513
-99
15 H_25.40000_29.64316
1030 10.31778 -5.12512
1042 9.51981 -13.60020
1055 6.51427 11.95197
1072 9.92766 -5.61088
1077 3.54625 7.96134
1078 10.32108 8.10789
1079 11.50771 7.28093
1080 5.38122 9.31821
1081 6.82919 6.52446
1082 -5.50902 -9.00525
1083 2.09069 7.07596
1084 9.38790 7.63136
1085 6.67239 8.61627
1086 2.09710 7.34694
1087 5.94171 12.35440
1088 10.90093 6.79909
1089 10.56408 -3.64787
1090 11.25317 -2.15987
1091 12.10850 -1.74357
1092 12.41397 -0.15471
1093 12.22522 -3.59975
1095 11.88039 -4.67574
1096 10.51704 0.77704
1097 9.58832 -8.98064
1098 2.53969 -0.87892
1099 3.30256 -10.36456
1101 1.72708 11.60743
1102 4.45241 8.80929
1103 1.77092 7.88530
1104 -3.83453 7.52337
1105 3.50332 5.48325
1106 2.05796 4.86101
1107 4.33812 -7.08432
1108 3.06371 5.43773
1109 1.79513 3.60235
1110 3.12199 3.52957
1111 1.67119 2.61881
1112 7.93972 6.93558
1113 -3.72117 5.50350
1114 2.04183 -4.95897
1115 6.80610 -13.10937
1116 -3.60408 3.92134
1117 -3.57843 -1.14868
1118 -5.78662 -2.84409
1119 -4.12389 -4.37282
1120 -5.71409 -0.05137
1121 -3.44661 -2.45171
1122 0.39290 12.35130
1123 -7.04602 -3.84749
1124 -0.08402 12.46434
1125 2.59917 10.86918
1126 0.56267 -4.18571
1127 7.78432 -0.28921
1128 5.10829 0.86846
1129 -0.11617 9.11603
1130 2.80396 -9.56758
1131 0.09323 7.27206
1132 3.45459 5.23025
1134 -0.26017 2.81243
1135 12.37928 2.00654
1155 1.42884 -2.23079
1164 2.86400 -10.97998
1174 1.92536 -9.18611
1259 8.75562 -10.39262
1314 3.03966 2.55310
1335 2.30245 1.24379
1345 4.91691 -1.92965
1360 1.91455 1.28907
1508 -1.15781 -4.30968
1520 3.76160 -1.48800
1594 5.25902 -0.56973
1628 -1.76282 -4.63763
1666 11.17998 -10.68315
1674 -5.08849 -4.08611
1676 -6.93909 10.39124
1678 -12.05847 -2.73386
1679 0.27349 -7.13087
1680 1.79077 -0.51783
1681 -5.90565 2.24236
1682 9.90411 -10.35622
1684 10.05467 -10.73111
1685 5.23231 -0.31005
1686 1.52708 -0.59230
1687 10.38441 -10.10543
1688 11.43353 -12.00157
1689 11.85146 -10.92983
1690 10.46905 -8.03719
1691 5.07397 -0.26379
1692 11.59960 -9.68782
1693 10.80924 -11.59974
1694 -0.01100 0.87010
1695 1.04119 0.99339
1696 3.82037 -1.30886
1697 2.47917 2.58578
1698 8.80872 -10.68479
1701 -1.64189 -4.23669
1702 4.60072 -1.03099
1704 2.17829 -1.91461
1705 -4.99414 -1.20286
1706 1.15997 -1.67921
1707 1.74471 1.15784
1708 -2.67949 -4.56962
1709 3.58984 -1.10329
1710 5.22058 -2.99549
1711 -1.27593 -4.23817
1712 4.64156 -3.95954
1713 1.78315 -0.66318
1714 -0.67736 -0.52080
1720 7.63116 -11.25139
1721 9.23023 -10.26282
1722 8.39786 -10.03517
1723 10.72905 -9.67654
1724 9.51252 -9.64587
1725 6.85972 -11.57538
1780 1.63222 -11.00831
1781 -5.00724 -1.33194
1805 -10.83864 -8.68134
1810 -4.25422 -6.07708
1811 7.13410 2.36113
1813 7.48099 9.89439
1835 0.49181 0.02615
1843 2.56581 -13.30904
1844 -6.75818 -11.79534
1848 4.37841 -2.01881
1852 -8.42926 -10.15258
1853 4.77914 -5.66655
1854 5.70054 -9.94174
1861 -0.29074 -6.95666
1874 8.58441 -11.14291
1884 6.79044 -7.47882
1909 -2.83862 0.49061
1910 -11.07536 -5.26564
1911 -10.10723 -11.20607
1918 6.86228 12.81771
1919 12.29923 12.49778
1920 10.28620 -13.28106
1921 -1.89366 -4.04882
1922 -2.60504 3.98977
1923 -0.19278 9.13978
1924 -0.54546 10.22334
1925 8.06049 10.81686
1926 -4.31314 -13.25569
1927 3.37165 4.46211
1928 1.43887 3.12053
1929 2.89774 6.09634
1930 3.65211 7.08556
1931 -0.02655 -5.42509
1932 -4.09737 -12.97602
1933 2.69167 -13.21115
1934 3.12790 3.84569
1935 -4.05431 -14.00045
1936 2.36893 5.24100
1993 -10.77330 -11.76218
1994 -7.23913 9.04126
1995 10.06755 -5.19962
1996 10.14770 -1.69111
1997 11.19462 10.77671
1998 -5.10169 -5.93675
1999 11.55288 -7.24654
2000 12.11317 2.40009
2021 0.09008 5.72380
2022 -0.65360 8.54692
2026 5.61597 -13.67756
2027 -4.83985 -12.39131
-99
16 H_25.40000_29.12686
1005 8.78606 -1.96082
1020 7.17576 -8.66056
1021 0.83746 -4.82867
1022 5.57094 -5.61911
1023 8.69435 -8.11013
1024 -5.35999 -2.16004
1025 -1.74625 -3.48539
1026 5.64030 -10.25529
1027 8.83922 -11.61394
1028 1.78044 -1.74355
1029 8.61704 -5.09974
1030 11.07010 -5.77843
1032 -4.35455 -3.06641
1034 3.64453 -1.11528
1039 5.55794 -0.06159
1040 1.91737 -1.40698
1043 7.57437 -12.63373
1044 8.61903 -3.77935
1045 1.42477 -0.54581
1046 2.40209 -2.49346
1047 2.77660 -0.65073
1049 -1.19157 0.47719
1050 -2.97289 -4.23384
1052 11.78459 -8.03468
1055 4.85023 8.88892
1063 8.60224 -9.40537
1064 8.27587 -9.15723
1065 5.18079 -6.40497
1066 6.07405 -13.78528
1067 7.73405 -12.87576
1068 5.68783 -1.33080
1069 3.32273 -4.72897
1070 7.94500 -13.55646
1071 4.99761 -2.86813
1072 10.77510 -6.13589
1073 8.26803 -12.29502
1074 12.34328 -0.66546
1075 10.67799 2.47328
1076 4.37224 -9.41680
1077 2.66024 10.31422
1078 8.80749 3.66706
1079 10.02514 1.72872
1080 4.11620 6.48400
1081 5.71086 3.29206
1082 -5.81742 -9.71793
1083 1.35418 9.59183
1084 7.90994 3.20759
1085 5.33677 5.49770
1086 1.35829 9.87356
1087 4.29647 9.21555
1088 9.54549 1.82091
1089 11.04015 -4.71676
1090 11.48384 -3.75466
1091 12.27515 -3.47380
1096 10.17011 -2.05112
1097 11.04290 -9.18956
1105 2.84360 6.98541
1106 1.45939 6.67718
1108 2.40087 7.00501
1109 1.30538 4.87710
1110 2.58095 4.30813
1111 1.23575 3.37630
1112 6.78647 3.73389
1132 2.81915 6.62915
1259 10.42064 -10.33351
1722 9.96495 -10.09386
1724 11.10404 -9.69090
1725 8.54695 -11.39465
1728 10.28045 -11.17864
1813 5.96424 7.40677
1918 5.09850 9.84705
1919 9.78468 6.41039
1937 -1.59322 -1.32694
1938 -3.47566 -0.17671
1939 -1.43220 0.62652
1940 -1.39021 -1.37385
1941 2.35192 -3.54588
1942 -2.37360 -1.85961
1943 -2.59083 -1.06697
1944 -0.48930 1.63801
1945 2.51012 0.89140
1946 3.31311 -5.86235
1947 12.44482 5.44707
1948 12.51799 7.08300
1949 9.42769 5.29992
1950 8.95513 -0.61963
1951 -6.64000 -1.52784
1952 -6.96486 -3.44322
1953 -3.78874 0.27888
1954 -3.69370 -2.07322
1955 -3.35638 -7.88217
1956 -7.10521 -5.74875
1957 -1.33108 1.15471
1958 -6.71420 -5.84790
1959 -6.90533 -0.67335
1960 -7.07116 -6.61766
1961 3.08800 -4.50998
1962 9.28954 -4.45883
1963 11.08925 -8.37133
1964 -4.37393 -6.11798
1965 -2.99017 -9.94221
1966 -6.23378 -6.44135
1967 11.23341 8.12172
1995 10.83501 -5.83699
1996 10.32644 -3.55656
1997 9.11282 5.21054
2001 -3.56921 -3.32306
2002 5.21499 -6.66480
2003 -4.06132 -5.59831
2004 3.18515 -2.22574
2023 9.24327 7.82822
2028 -7.67341 -4.97988
2029 -9.04035 11.38777
2030 -10.96957 12.36646
2031 7.36791 9.38827
2032 -7.66837 -2.22806
2033 5.35511 0.39504
2034 11.33828 8.83432
-99
17 H_25.40000_31.75819
1005 7.22322 -1.26280
1020 6.61133 -9.09398
1021 -0.68665 -5.90127
1022 4.54613 -5.98026
1023 7.63608 -8.15549
1024 -9.44409 -3.73505
1025 -4.02979 -4.76489
1026 4.97295 -11.15494
1027 8.14581 -12.01609
1028 -1.02918 -2.03599
1029 7.54002 -4.83473
1030 8.79395 -5.03610
1032 -7.76341 -4.66763
1034 1.39474 -1.06447
1039 3.57516 0.37742
1040 -0.87735 -1.64584
1042 11.81931 -12.75119
1043 7.15233 -13.42978
1044 7.53472 -3.37014
1045 -1.62911 -0.71930
1046 -0.31353 -2.79381
1047 -0.02299 -0.62108
1048 11.72234 -13.98389
1049 -4.88754 0.08858
1050 -5.06204 -5.89114
1052 10.14976 -7.44349
1053 2.21115 0.64293
1054 2.99090 1.02003
1057 10.30789 -0.01948
1058 8.40597 5.82245
1059 10.47200 0.44937
1060 5.98585 4.96454
1061 8.60090 9.03646
1062 9.20791 3.44699
1063 7.61117 -9.60717
1064 7.37087 -9.40302
1065 4.04218 -6.89048
1066 5.99396 -15.07397
1067 7.40270 -13.67076
1068 4.19789 -1.06479
1069 1.19457 -5.24145
1070 8.00345 -14.40436
1071 3.50673 -2.89974
1072 8.61181 -5.50332
1073 7.77874 -12.90016
1089 8.41281 -3.84881
1092 8.99070 0.05687
1093 10.14532 -3.47139
1095 10.24815 -4.35640
1097 9.65987 -8.86533
1135 8.22498 2.68755
1259 9.39270 -10.27275
1666 12.20685 -9.86004
1720 8.50176 -11.31135
1721 9.86192 -10.01785
1722 8.80851 -10.07695
1723 11.24239 -9.11758
1725 7.74862 -11.82451
1814 6.88948 7.20095
1815 5.28978 9.88035
1816 4.68878 9.45613
1817 7.53280 2.24768
1937 -5.14912 -2.08219
1938 -7.76519 -0.98424
1939 -5.15340 0.24640
1940 -4.91412 -2.10384
1941 -0.30331 -4.02829
1942 -5.87032 -2.85690
1943 -6.35205 -1.93973
1944 -4.38158 1.59695
1945 -0.90022 1.13204
1946 1.26474 -6.53453
1957 -5.23194 0.90578
1968 2.42294 -8.04823
1969 4.67022 7.60440
1970 3.97403 11.56072
1971 4.26456 -5.95813
1995 8.55999 -5.14072
1998 -8.82960 -5.62206
1999 11.01696 -6.72043
2000 7.80719 2.81560
2001 -6.38302 -4.89571
2002 4.10124 -7.21814
2003 -7.30147 -7.63502
2004 0.80780 -2.41288
2024 10.58766 1.59517
2025 6.68756 11.23768
2033 3.20737 0.88062
-99
22 H_25.40000_20.30820
1155 -2.68354 5.36603
1221 5.89531 -0.09505
1222 4.28480 -2.07208
1225 5.62346 1.33988
1246 -11.03318 -0.56345
1247 -5.52022 7.64695
1248 -7.68150 3.53801
1250 7.82995 9.41271
1251 -0.43446 -2.58619
1260 9.57590 5.46781
1282 -9.12349 1.10107
1295 6.22772 -9.17560
1300 12.16069 -5.45343
1315 3.41506 -6.44016
1316 2.95300 -7.68362
1317 1.46268 -9.31742
1318 4.09724 -7.39681
1319 7.97166 0.27628
1321 -4.03185 4.79384
1324 -0.06387 -9.89583
1326 4.09945 -3.97485
1327 2.66452 1.98871
1338 9.80997 -7.60339
1339 -7.28125 1.06342
1340 11.76317 -8.18248
1348 11.25877 -2.47369
1360 3.10748 7.47479
1366 8.17192 -3.07019
1367 11.76812 -2.55545
1368 5.78911 -7.67628
1370 6.02035 -9.30935
1371 8.71862 -4.99486
1372 9.27752 -3.43312
1374 9.86668 -6.05727
1375 10.84812 -6.33339
1379 7.74610 -9.57379
1380 9.51487 -9.49620
1381 9.14344 -7.92933
1382 8.30914 -7.44010
1383 7.22791 -9.43374
1389 3.10924 -7.06611
1391 11.54645 -1.93553
1392 11.95111 -2.15547
1394 4.50790 -7.19807
1405 3.97018 -8.73768
1423 6.26458 -1.45744
1425 5.24702 5.66742
1429 -0.37472 7.51220
1432 11.19878 2.46958
1439 11.74319 4.71131
1449 10.15587 3.98815
1451 9.95327 3.18920
1455 7.66436 -6.46804
1460 7.99988 -2.77487
1467 -4.95153 2.01011
1469 5.32101 -5.89653
1470 2.53337 -6.90005
1476 0.91472 -0.10772
1488 10.91263 5.03403
1489 2.63755 -6.16351
1490 5.39254 -4.63873
1493 7.86560 -0.38933
1495 6.18285 -4.70510
1497 2.78498 3.04176
1505 4.16587 -4.36080
1528 8.91463 -0.35689
1532 8.16184 -0.17567
1535 12.39232 7.81400
1537 9.04428 -0.61381
1538 8.74674 0.25153
1539 7.58539 -0.64402
1541 2.82074 -6.39585
1542 2.63746 -6.45864
1543 7.47635 -1.85195
1547 -0.20035 8.07609
1549 -4.24074 8.38593
1590 9.70961 3.31518
1592 -11.16809 -3.13080
1593 -9.36618 -3.82692
1596 -10.35140 3.69366
1597 6.71705 -2.36489
1599 -9.44608 -2.02016
1600 4.22489 8.37212
1601 -0.71141 1.03450
1602 -1.60845 -0.35793
1603 -11.10274 1.30148
1604 -7.59174 -0.07508
1605 -7.31528 4.11564
1606 0.95067 9.01286
1607 -5.04788 -8.09756
1608 -8.43361 -6.71626
1609 -9.14659 5.50001
1610 -5.53312 -7.98978
1611 2.40576 -2.87478
1635 8.42272 -9.27804
1649 -4.96995 7.67355
1686 -0.11005 6.46886
1691 3.32590 3.68101
1694 0.91295 8.65004
1704 -1.68551 4.96118
1706 -2.06274 5.99953
1707 2.81697 7.51816
1709 0.69079 4.33229
1713 0.00101 6.21764
1744 -7.36760 -3.21874
1745 -4.98833 -6.78399
1748 5.49214 8.12753
1749 -10.65593 -5.44293
1771 9.24639 -5.17136
1776 12.35800 6.59631
1777 12.18887 -0.49097
1799 9.18158 -0.27025
1812 -1.32570 -9.38565
1832 -7.10150 -6.64692
1913 -4.05637 -5.01502
1914 -2.59492 -2.27472
1915 -7.33111 5.56135
1916 -8.69677 7.67317
1986 5.28076 2.86028
2005 2.09774 -0.00670
2006 2.06717 0.18786
2007 -10.31117 5.35835
2008 -0.25758 -7.27069
2017 5.23305 -1.77843
-99
24 H_25.40000_14.96046
1155 -1.99481 1.27767
1190 2.19649 -2.03902
1208 -9.03418 5.21989
1210 -4.27253 0.71199
1213 9.95375 -3.15947
1215 3.97536 0.66536
1216 6.00960 7.20866
1219 6.91068 -2.28627
1220 9.10261 4.74480
1221 0.92355 -4.98174
1222 -0.99018 -4.97022
1223 -2.25372 4.39974
1224 7.20781 4.39107
1225 0.52138 -4.10449
1226 7.90752 1.22562
1227 -0.10506 6.23929
1228 8.24809 0.14147
1229 7.17976 0.14059
1230 4.61383 1.07009
1232 8.57056 -1.23220
1245 4.67555 2.91898
1249 4.97375 -4.36085
1251 -5.73875 -2.75958
1252 5.25579 4.91442
1259 -6.76561 -6.91627
1260 5.89627 -4.43757
1261 0.54944 5.11684
1262 -5.47122 5.30400
1263 -6.10329 5.33990
1283 0.58832 -5.80920
1309 -3.00475 1.28104
1314 1.99433 -0.88705
1315 -2.79866 -6.42596
1316 -3.72914 -6.65749
1317 -4.98879 -6.53752
1318 -3.14416 -7.14127
1319 3.34418 -6.12256
1321 -2.81372 1.57050
1322 -9.67160 4.58315
1323 -9.91501 -1.30758
1324 -5.71818 -6.02371
1325 0.08199 6.45965
1326 -1.10983 -5.80342
1327 -2.61509 -2.30837
1328 4.73728 7.11375
1329 -10.37443 1.47545
1330 -7.61509 -4.35534
1332 -8.51011 -0.15354
1333 -7.08405 1.12867
1335 1.28890 -0.45655
1343 -12.47526 1.57001
1360 1.44860 -0.19164
1363 -10.91443 6.23019
1369 -10.05231 4.05086
1376 -2.92867 -0.17134
1396 -11.25116 1.41756
1397 -10.28650 -0.38400
1400 -11.28797 3.05804
1403 -9.35613 -3.07231
1406 -11.41239 1.79428
1410 11.87441 -4.02205
1411 11.01608 -5.69457
1412 -8.10247 -4.84807
1415 -4.09280 5.34403
1423 1.38280 -5.92659
1429 0.19273 1.33164
1432 6.60517 -7.07135
1433 7.80744 -5.97644
1436 -11.51033 4.26900
1438 -4.15120 -5.83568
1439 7.93254 -6.25579
1441 -7.01775 1.63812
1443 -6.22593 2.79294
1449 6.94518 -5.66729
1451 6.12269 -5.91185
1461 1.36799 1.14015
1466 -4.57199 3.57212
1468 -5.13538 3.51968
1470 -3.48737 -6.14161
1473 -11.28523 0.20853
1487 -10.18446 0.04053
1488 7.89394 -5.59297
1489 -2.89251 -5.93020
1490 -1.16810 -6.70653
1491 -10.23716 -4.97023
1492 -10.06783 -4.69257
1493 2.79761 -6.35500
1495 -0.79987 -7.20296
1496 0.91618 -1.82043
1497 -1.83780 -1.94091
1498 -7.12911 1.64940
1499 -9.91501 -1.30758
1500 -9.53769 0.87261
1501 -4.76404 3.08759
1502 -2.75201 3.09641
1503 2.01802 -0.41504
1504 -5.11252 3.94253
1505 -1.29599 -5.99386
1506 -1.81124 2.70399
1507 0.01663 2.64612
1508 -2.29879 2.57080
1509 -2.94588 -0.41527
1510 -6.71881 4.87656
1511 -4.60757 3.13600
1512 -3.90502 -1.81589
1513 -7.94615 4.72952
1514 -2.26094 4.18230
1515 -4.28182 0.19413
1516 -3.06337 4.59332
1517 -4.13340 5.25829
1519 -9.76011 -1.89992
1520 -2.02628 -0.50836
1521 -2.51173 2.67050
1522 -7.52174 -6.25403
1523 -10.14172 -6.29882
1524 -9.92959 -7.12913
1525 -10.24601 -6.27695
1526 -9.80816 -5.87336
1527 -10.09036 -5.65763
1528 3.27719 -6.93846
1529 -10.43441 -4.09021
1530 -11.81582 2.56372
1531 -5.90615 5.02019
1532 3.08094 -6.42674
1534 -4.28982 -2.17638
1535 11.52448 -5.16258
1536 -5.46903 -6.42924
1537 3.13836 -7.13283
1538 3.56771 -6.57315
1539 2.50078 -6.29865
1540 3.51884 -5.90768
1541 -2.96149 -6.11579
1542 -3.06248 -6.04374
1543 1.61949 -6.73172
1544 -4.34752 3.04321
1545 -8.56007 0.27687
1546 -4.69002 3.01488
1547 0.61983 1.52099
1548 -6.88515 -1.12425
1549 -0.93166 3.23633
1557 -4.73410 4.46026
1561 2.22764 -0.77023
1564 -8.55745 -1.10318
1566 4.54757 5.49861
1574 -3.02022 3.31832
1581 -2.53567 -0.13963
1582 -5.15990 -0.16557
1590 6.09785 -5.71153
1594 -1.63509 -1.93687
1598 3.41906 7.26441
1606 1.76813 1.47189
1613 9.42194 2.79490
1614 4.78478 0.66381
1621 -2.60332 4.27934
1628 -2.40462 2.99390
1630 -3.23839 2.70921
1633 -2.21806 3.93866
1646 -2.11775 5.15192
1647 7.96869 -3.25699
1648 3.95704 -2.63699
1650 10.32627 -2.58106
1651 -4.84086 3.39271
1691 -1.26605 -1.91610
1694 1.48973 1.31531
1695 1.36830 0.53781
1696 -1.86456 -0.62973
1697 2.21469 -0.46108
1698 -7.03571 -6.84937
1699 -2.41187 3.57981
1700 0.83057 -0.65997
1701 -2.08966 2.83666
1702 -1.91091 -1.27193
1704 -1.93244 0.72515
1705 0.99932 4.64191
1706 -1.39196 1.32005
1707 1.35178 -0.02853
1709 -1.65512 -0.51956
1715 -7.41069 -1.30606
1716 -5.98516 4.82446
1717 -5.81867 5.22679
1718 -5.44915 4.78716
1720 -7.01156 -5.75842
1721 -6.88827 -7.32807
1722 -6.36960 -6.78661
1726 -6.68279 4.16349
1767 -11.00994 -3.55194
1770 9.74159 2.99821
1778 7.76510 7.05816
1779 10.89255 2.39413
1799 3.45408 -7.06200
1807 -8.44331 6.02108
1823 6.50038 7.05101
1829 -3.71285 7.11437
1833 5.91550 0.65864
1834 10.30507 2.73127
1835 0.50684 1.24432
1837 -8.29310 -0.59735
1840 -10.07169 -3.14722
1874 -7.25910 -6.52614
1908 11.90816 6.80241
1910 1.64186 5.41124
2005 -3.36274 -2.88995
2006 -3.38322 -2.81377
2009 -11.42525 -0.18185
2018 3.01121 -5.83174
-99
25 H_25.40000_39.51976
1196 -5.04665 -2.77700
1211 9.94754 -12.74116
1259 -9.80555 2.83558
1275 -2.52898 12.24337
1279 -10.19200 10.50026
1282 -3.09275 13.92643
1284 -9.88145 10.49573
1288 -9.97500 -0.96908
1310 8.92171 -13.74268
1315 -6.88209 -1.19583
1316 -7.83486 -0.17846
1317 -8.31746 1.18745
1319 -2.43259 -8.64372
1327 -5.57081 6.26866
1338 -12.27259 -3.65866
1339 -3.74233 13.10329
1366 -6.51389 -6.23845
1370 -11.30715 -0.48052
1372 -7.52798 -7.07011
1373 -7.72643 -7.02617
1374 -10.94699 -4.57747
1375 -11.84494 -5.12652
1379 -12.51658 -1.41172
1381 -12.07873 -3.04651
1382 -11.15265 -2.76351
1383 -12.12575 -1.14759
1417 -7.32927 10.12510
1422 -7.86210 -5.54150
1424 -7.97139 -5.19049
1441 -3.13075 13.64454
1453 -1.94675 -12.58679
1454 -1.20525 -10.49621
1455 -9.98140 -2.86622
1460 -6.13224 -6.26618
1463 -3.30632 13.94053
1467 -3.89505 11.90565
1469 -7.48706 -2.71926
1478 -6.94073 -0.38729
1481 -3.45074 12.28257
1489 -6.23377 -0.72082
1493 -3.19072 -8.03366
1495 -6.85820 -3.96041
1497 -4.50985 5.67851
1505 -5.30734 -2.67697
1515 -2.51707 9.24174
1522 -9.26746 4.00637
1523 -10.70022 6.56076
1524 -11.77645 5.86636
1525 -10.74566 6.69848
1526 -9.95511 6.53053
1527 -9.86979 6.92759
1532 -3.12265 -8.42998
1534 -6.16528 7.81915
1536 -8.42415 1.77183
1538 -3.09564 -9.08041
1539 -3.31013 -7.58037
1543 -4.66008 -6.65821
1553 -10.81711 8.41273
1567 -9.93151 7.38298
1575 -4.78850 8.73864
1576 -11.98528 1.33414
1582 -3.77677 10.00914
1583 -1.90100 -12.13954
1597 -4.92844 -5.55259
1616 -2.23794 10.77601
1632 -11.87528 -5.80947
1636 11.30354 2.98526
1643 0.28786 -12.28300
1649 7.76439 5.63194
1664 -10.72127 11.82752
1682 -11.24464 2.70378
1684 -11.35622 3.11012
1687 -11.88581 2.43615
1690 -12.25515 0.89704
1693 -12.16163 3.87451
1698 -9.82621 3.10449
1715 -6.50604 11.12029
1721 -10.39768 2.68406
1722 -9.40666 2.49107
1724 -10.84234 1.99527
1740 -4.18896 15.23950
1743 -8.88018 12.94136
1747 -7.91100 14.49927
1753 -6.32406 15.45217
1754 -11.65709 10.35421
1755 3.67493 -18.24476
1758 -11.35452 12.58143
1759 9.16280 -12.42575
1760 0.90299 17.71528
1761 -4.00644 2.98895
1762 5.19831 -4.25770
1763 9.45834 -9.84778
1764 -1.75556 -16.23692
1765 -10.04416 16.09997
1766 -11.82298 15.17186
1768 10.71718 -9.52355
1769 7.23924 -12.75565
1771 -9.73834 -4.72827
1782 11.02723 5.52012
1793 3.36136 6.60149
1796 3.35124 -16.79166
1800 2.52326 5.39886
1855 2.97341 -18.84327
1856 12.10785 -0.23106
1858 0.41294 -13.98347
1862 -5.93864 12.24348
1865 -7.45046 9.62566
1867 -1.56796 -13.36535
1868 4.59280 7.12448
1869 5.80569 7.24525
1870 5.14396 6.88967
1871 7.10119 6.06876
1872 5.96275 5.90453
1873 4.12433 9.82159
1874 -9.49508 3.54159
1879 -4.75302 -4.68795
1884 -6.19513 12.16190
1885 1.35739 7.83941
1886 5.01137 8.34992
1887 1.63743 10.77848
1898 -2.65868 -11.15765
1902 11.05926 -10.82502
1912 -4.09872 1.62222
1972 8.16491 -16.00712
1973 3.99919 15.41054
1974 -7.15027 -8.89262
2010 11.70032 -0.68844
2011 7.87919 7.69398
2012 2.17648 -18.34299
2013 2.34484 -18.20971
2014 3.55490 3.58026
2015 6.09324 4.05465
2016 3.66131 -10.14088
2017 0.26051 -10.52369
2018 -2.19248 -7.96245
-99
26 H_25.40000_15.84466
1002 -4.62875 -5.96324
1003 3.89207 4.79482
1004 -6.95730 -7.11067
1006 -11.67900 3.14354
1007 -3.18776 6.34124
1008 -8.88556 7.11388
1009 -1.86601 6.78590
1010 -3.14030 3.66919
1011 -7.90170 5.12446
1012 -6.80190 3.78591
1013 -5.28787 6.21073
1014 0.12138 6.23780
1015 -5.33144 7.11336
1016 -9.00479 7.36398
1017 -11.46574 6.59657
1018 -4.82056 -6.46411
1019 2.29430 4.24701
1052 2.63439 2.99076
1100 3.89861 4.23726
1128 -0.39952 1.20229
1133 2.96648 6.61184
1136 -4.46207 -7.52318
1137 8.23391 2.98661
1138 2.68619 5.44972
1139 -0.04325 3.42296
1155 3.25220 -2.43400
1158 6.59428 4.83861
1160 5.75275 4.96951
1161 -3.44003 -6.69217
1181 5.45344 2.28976
1213 -10.84417 -7.34965
1275 6.58687 -0.08572
1289 -11.84912 -5.45541
1290 -10.14184 -6.76931
1299 1.11755 6.09348
1313 3.75606 4.44070
1320 3.11444 3.35944
1333 7.93646 0.68270
1370 1.37648 2.67481
1376 3.24383 0.20638
1383 0.88884 3.14173
1417 5.93473 2.35219
1421 6.45541 -5.64255
1428 3.13686 -0.54147
1429 0.93629 -3.13551
1465 -0.16107 -7.11544
1479 7.75530 -4.05905
1497 1.41935 1.17371
1498 8.37183 0.11042
1501 7.62026 -4.70376
1502 5.46418 -5.80635
1506 4.12316 -5.61820
1507 1.67865 -3.90943
1509 3.11440 0.48495
1511 7.46870 -4.83322
1512 3.42296 1.49928
1515 4.94433 -0.58793
1520 2.28501 -0.31059
1521 4.87997 -5.27355
1544 7.14584 -4.82225
1546 7.49669 -4.65033
1548 6.68429 1.39392
1565 3.87197 1.72094
1571 3.15805 -0.72591
1574 5.94620 -6.07525
1575 4.09669 1.12664
1576 3.14078 2.80137
1591 -4.06788 -1.02990
1595 0.05268 -7.09140
1621 6.13617 -7.66510
1625 5.24090 3.50261
1628 4.98492 -5.78778
1630 5.73471 -5.11755
1633 5.45824 -7.31033
1634 6.86648 -0.45132
1666 4.82445 3.00993
1686 1.32446 -2.21941
1689 5.01433 3.44866
1690 2.81059 2.96120
1692 3.89125 3.45034
1694 -0.45735 -3.54943
1695 -0.66206 -2.53327
1696 2.07529 -0.23487
1699 5.38483 -6.55974
1700 -0.60752 -0.94222
1701 4.52449 -5.68545
1702 1.79610 0.50493
1704 2.85190 -1.76995
1707 -0.88112 -1.85516
1708 4.97742 -6.66823
1712 6.47296 0.50398
1713 1.38506 -1.97192
1723 3.95446 2.84802
1727 7.45657 0.16347
1784 5.63704 5.97422
1785 2.83851 -7.38418
1808 -10.56694 0.43339
1835 0.57241 -3.13318
1846 -3.10897 -4.45508
1857 -2.11745 -7.57520
1972 -10.08223 -7.16118
1973 7.46178 -3.66978
1975 -5.56652 -1.40273
1985 0.45400 1.71751
2019 0.40817 -7.39200
2020 -10.82378 0.11163
-99
27 H_25.40000_25.78129
1042 11.87876 -9.59685
1048 12.18014 -10.80719
1056 3.67148 -7.87354
1057 7.54996 2.07050
1058 5.31294 6.30969
1059 7.69462 2.36672
1060 0.91125 9.16793
1061 5.13355 8.68798
1062 6.27703 4.51240
1074 6.30387 2.76024
1075 3.65564 5.32275
1076 5.59934 -10.37705
1089 6.72881 -1.49760
1090 6.30204 -0.06848
1091 6.68516 0.63521
1092 6.31646 2.21184
1093 7.89569 -0.67347
1095 8.31730 -1.62513
1096 3.89385 1.76099
1097 9.09087 -6.12364
1098 0.08025 -2.25785
1100 11.69087 -5.02228
1101 -6.66575 9.13112
1102 -2.60959 7.87551
1103 -4.42288 5.91271
1104 -12.27297 1.00897
1105 -2.27254 4.06957
1106 -3.13957 2.88499
1107 5.82706 -6.06375
1108 -2.65523 3.81793
1109 -3.00066 1.39233
1110 -2.01790 1.81114
1111 -2.82416 0.26143
1112 -1.13384 5.95652
1113 -11.35310 -1.13805
1114 1.69755 -6.29046
1115 9.63589 -10.77165
1116 -10.60768 -2.80397
1117 -5.36347 -5.93963
1118 -6.62030 -8.95230
1119 -3.77061 -9.11220
1120 -8.31619 -6.31691
1121 -4.76019 -7.27273
1122 -8.72717 8.98829
1123 -8.65167 -11.75523
1124 -9.32261 8.84594
1125 -5.55273 8.78155
1126 -0.27367 -6.63000
1127 3.03956 0.12142
1128 1.07870 0.42148
1129 -7.53408 5.74120
1130 4.66601 -10.04725
1131 -6.46866 4.00697
1132 -2.26424 3.74712
1133 12.23856 -1.79771
1134 -5.42517 -1.10725
1135 5.37097 4.09482
1155 0.05019 -3.91711
1210 2.92599 -4.03196
1259 9.37224 -7.63880
1262 0.18407 -12.02852
1263 0.97840 -12.56419
1313 11.76081 -4.77635
1314 -1.66985 0.82320
1335 -1.61544 -0.72048
1337 6.81340 -3.16718
1345 2.95802 -1.70200
1360 -1.98647 -0.86468
1651 1.16407 -9.27892
1666 11.26204 -6.54121
1682 10.17593 -6.99575
1684 10.49712 -7.18333
1685 1.93958 -0.42248
1686 -0.99487 -2.55245
1687 10.35269 -6.54210
1688 12.24233 -7.37813
1689 11.87707 -6.38410
1690 9.24165 -4.87978
1691 1.79363 -0.47976
1692 10.88601 -5.57287
1693 11.57064 -7.43885
1694 -3.40708 -2.20022
1695 -2.54247 -1.56696
1696 1.44725 -1.92044
1698 9.57544 -7.82452
1700 -0.99509 -0.69808
1703 -6.43169 -4.56649
1704 0.47911 -3.25276
1706 -0.55496 -3.60974
1707 -2.04181 -1.07144
1709 1.11909 -1.89497
1710 3.83951 -2.42200
1712 4.32416 -3.21741
1713 -0.72806 -2.47972
1714 -2.76270 -3.50664
1720 9.06315 -8.89637
1721 9.61804 -7.27672
1722 8.86597 -7.55479
1723 10.33480 -6.04923
1724 9.43053 -6.65325
1775 -10.36882 -4.59988
1814 3.61864 7.52168
1815 0.90554 11.14034
1816 -0.06083 11.27880
1817 4.66457 3.89081
1848 2.57146 -2.05098
1853 5.57020 -4.46331
1917 -8.70269 -3.03183
1920 12.22065 -8.94534
1921 -1.92447 -7.50259
1922 -9.82240 -2.29917
1923 -7.63384 5.66294
1924 -8.62336 6.48556
1925 1.05261 12.19391
1947 5.18891 8.06598
1948 4.72688 9.83380
1949 -0.14792 9.47274
1950 1.89012 3.06982
1961 2.91284 -6.98428
1968 7.24610 -12.58318
1969 0.13545 9.80640
1970 -0.76853 12.57449
1971 6.55924 -8.09733
1974 2.43629 -3.54287
1976 -10.79625 0.13003
1985 2.05656 0.24407
1996 5.17793 -0.23590
1999 9.53734 -3.76763
2000 4.92363 4.25967
2021 -5.92235 2.37430
2022 -8.19385 4.62938
2023 -0.17532 11.20617
2024 7.47732 3.62463
2025 3.18524 10.54825
-99
28 H_25.40000_33.28276
1005 9.63854 -0.63906
1023 10.11564 -6.41314
1027 10.53675 -9.68186
1028 2.77766 -0.92302
1029 9.72031 -3.71001
1034 4.55204 -0.29478
1039 6.32664 0.83165
1040 2.86451 -0.56390
1044 9.59055 -2.51759
1045 2.29630 0.24592
1046 3.47317 -1.54813
1047 3.66582 0.26668
1049 -0.46667 1.05560
1053 5.14906 1.07001
1054 5.93753 1.42180
1056 4.82663 -4.70346
1063 10.14600 -7.61494
1064 9.79065 -7.47902
1065 6.52924 -5.32528
1067 9.54410 -11.07458
1068 6.55042 -0.55090
1069 4.59592 -3.69684
1071 5.99567 -2.02160
1073 10.06151 -10.44059
1094 5.70106 -7.94991
1098 3.26133 1.96200
1680 2.28193 2.03587
1721 12.48104 -8.01750
1728 11.89618 -9.05530
1903 3.34782 -7.10402
1926 -2.06552 -13.32274
1927 3.09662 6.99088
1928 1.40313 5.32025
1929 2.24555 9.28600
1930 2.79636 10.52795
1931 1.25377 -1.63231
1932 -1.91025 -12.93032
1933 5.85314 -9.85829
1934 2.98965 6.15278
1935 -1.62488 -13.89551
1936 1.87306 8.43045
1937 -0.69728 -0.77644
1939 -0.73929 1.16277
1940 -0.47869 -0.79491
1941 3.53398 -2.55733
1942 -1.43595 -1.45868
1943 -1.73904 -0.63875
1946 4.67736 -4.76067
1951 -5.95241 -1.45099
1952 -6.09553 -3.36381
1953 -3.19166 0.73586
1954 -2.76703 -1.84717
1955 -1.85289 -7.20148
1956 -6.02767 -5.54830
1957 -0.70789 1.75923
1958 -5.58244 -5.67099
1959 -6.34341 -0.57462
1960 -5.91844 -6.37699
1961 4.34443 -3.50892
1962 10.34573 -2.94444
1963 12.55712 -6.17699
1964 -3.06888 -5.58529
1965 -1.24414 -9.16926
1966 -4.99691 -6.21876
1967 11.51664 8.68848
1976 -2.72700 3.10564
2002 6.57034 -5.56287
2004 4.22787 -1.34009
2026 9.36115 -11.34279
2027 -2.81676 -12.70695
2028 -6.75154 -4.75171
2029 -9.37510 10.78190
2030 -11.45809 11.70158
2031 7.63799 10.04638
2032 -7.04016 -2.04468
2033 6.09804 1.30259
2034 11.54327 9.34929
-99
29 H_25.40000_16.32477
1001 10.89063 2.24326
1051 9.35261 7.72177
1150 3.84040 7.31402
1151 9.09240 2.69186
1152 10.27146 7.68117
1155 -1.64623 1.34731
1190 3.11431 -2.75243
1208 -9.41747 6.20131
1210 -4.26708 0.81607
1215 5.60425 0.22924
1216 7.57007 7.69611
1219 8.67611 -3.32797
1220 12.34362 4.89706
1221 1.34942 -5.92786
1222 -0.82961 -5.80032
1223 -1.81616 4.94564
1224 10.00056 4.56952
1225 0.98682 -4.96060
1226 10.48758 0.68047
1227 0.62357 6.87265
1228 10.70073 -0.62219
1229 9.40791 -0.56285
1230 6.42856 0.67600
1232 10.83893 -2.23598
1245 6.79970 2.90547
1249 6.08344 -5.50363
1251 -6.12361 -3.12853
1252 7.58094 5.30630
1259 -7.44413 -7.60280
1260 7.14525 -5.63909
1261 1.40575 5.63180
1262 -5.39764 6.12582
1263 -6.13020 6.19243
1283 0.87883 -6.78069
1309 -2.78764 1.42888
1315 -2.96627 -7.28513
1316 -4.01852 -7.48976
1317 -5.43047 -7.27753
1319 4.01140 -7.31178
1321 -2.55802 1.73888
1322 -10.15799 5.51041
1323 -10.61818 -1.08028
1324 -6.22635 -6.64746
1326 -1.02814 -6.67357
1327 -2.49782 -2.79562
1329 -10.94039 2.04991
1330 -8.25017 -4.63664
1331 -8.56967 -3.77857
1332 -9.13735 0.04605
1333 -7.47021 1.43246
1335 2.09565 -0.83739
1363 -11.34453 7.34775
1369 -10.61219 4.92196
1376 -2.75919 -0.28643
1396 -11.90769 2.00379
1397 -10.97602 -0.02908
1400 -11.85776 3.83939
1403 -10.13107 -3.05515
1406 -12.06841 2.44829
1412 -8.81497 -5.16790
1415 -3.86237 6.10399
1423 1.78096 -6.95945
1429 0.89771 1.30589
1433 9.20147 -7.46137
1438 -4.45753 -6.53371
1439 9.34601 -7.79722
1441 -7.36394 2.01780
1443 -6.37953 3.31439
1449 8.18632 -7.00943
1451 7.23078 -7.26731
1461 2.24332 1.02013
1468 -5.10848 4.08340
1473 -12.03405 0.67865
1487 -10.83749 0.44761
1489 -3.04825 -6.70888
1490 -1.13047 -7.71961
1491 -11.18793 -5.17434
1493 3.37505 -7.54624
1496 1.62166 -2.42017
1497 -1.58370 -2.40671
1498 -7.49666 2.03756
1499 -10.61818 -1.08028
1500 -10.24185 1.28111
1501 -4.70974 3.57952
1502 -2.43823 3.48881
1503 2.97969 -0.84488
1504 -5.06459 4.56413
1506 -1.37451 2.98876
1507 0.75810 2.83598
1508 -1.93830 2.86590
1509 -2.79219 -0.57000
1510 -6.83075 5.69088
1511 -4.52839 3.62495
1512 -3.96382 -2.13989
1513 -8.21429 5.59257
1514 -1.82584 4.69813
1515 -4.30328 0.22368
1516 -2.71776 5.20187
1518 -2.15015 5.31091
1519 -10.47507 -1.75514
1520 -1.74160 -0.71814
1521 -2.17835 2.98975
1522 -8.24545 -6.80001
1523 -11.16863 -6.70683
1524 -10.97539 -7.66113
1525 -11.27309 -6.66473
1526 -10.76371 -6.23005
1527 -11.06775 -5.96792
1529 -11.34932 -4.17517
1530 -12.46455 3.32003
1532 3.70668 -7.65018
1533 -9.05960 -0.23603
1534 -4.42769 -2.53750
1536 -5.96387 -7.12476
1538 4.26472 -7.84876
1539 3.04106 -7.46254
1540 4.21751 -7.07032
1541 -3.13409 -6.92131
1542 -3.24716 -6.82994
1543 2.00567 -7.90826
1544 -4.24604 3.52863
1545 -9.16963 0.54454
1546 -4.63114 3.47868
1547 1.39694 1.50424
1548 -7.34488 -1.16079
1549 -0.31890 3.55715
1557 -4.61023 5.15033
1561 3.21526 -1.28074
1564 -9.25429 -1.04857
1574 -2.72132 3.76098
1579 12.42442 -6.99789
1581 -2.30334 -0.26192
1582 -5.34105 -0.15753
1590 7.21386 -7.03075
1591 5.15300 -2.37458
1594 -1.34985 -2.41283
1597 1.18702 -7.65035
1606 2.71572 1.38152
1621 -2.21304 4.83218
1628 -2.04211 3.35282
1630 -3.00069 3.07174
1633 -1.79050 4.42142
1646 -1.63575 5.76443
1647 9.77016 -4.47274
1648 5.14138 -3.54885
1650 12.15354 -3.64201
1651 -4.78197 3.92678
1691 -0.91987 -2.40991
1694 2.38707 1.22623
1695 2.22430 0.31799
1696 -1.56513 -0.86356
1697 3.20967 -0.90637
1698 -7.73678 -7.50954
1699 -2.02506 4.02020
1700 1.56831 -1.04430
1701 -1.68651 3.15989
1702 -1.64724 -1.62035
1703 3.20217 3.61676
1704 -1.58287 0.71565
1705 1.92173 5.07369
1706 -0.94856 1.37511
1707 2.18591 -0.33730
1709 -1.30338 -0.75335
1715 -7.95680 -1.34565
1716 -6.00708 5.60420
1717 -5.80112 6.05464
1718 -5.40206 5.54114
1720 -7.64450 -6.26775
1721 -7.58944 -8.06111
1722 -7.00003 -7.47876
1726 -6.83381 4.89281
1806 10.81344 -7.40318
1807 -8.61895 7.01449
1818 -8.78107 -1.12789
1835 1.24822 1.18808
1840 -10.90158 -3.13597
1865 -6.86381 -2.58080
1874 -7.96744 -7.12622
1906 9.28140 5.82475
1909 3.10731 3.16803
1975 7.41172 -1.02228
2005 -3.41456 -3.42238
2006 -3.43236 -3.32972
2009 -12.21472 0.24722
2018 3.66053 -6.95633
-99
