1.JPG 416.049596 -1440.960509 -632.856967 4764.540395 -669.291559 201.000408 -1427.674477 -132832.915083 0.715078 0.071464 -0.695382 -4.153652 
2.JPG 686.667337 -1249.486507 -853.431064 -40026.796458 -1317.988132 -590.803468 -564.430441 7556.207503 0.047830 0.115822 -0.992118 -34.074676 
3.JPG -663.254428 1389.879534 -557.220643 430.934230 1330.298366 677.902649 -442.123182 -67192.256464 -0.030143 0.074463 -0.996768 -35.189865 
4.JPG 319.873851 1463.572314 -104.079131 30531.543639 1297.202870 -263.960696 -742.934718 -93700.078475 -0.229567 0.180388 -0.956430 -2.998667 
5.JPG 1054.595800 965.473263 86.475547 7587.413598 821.438229 -748.291052 -1052.531381 -105123.202390 -0.170021 0.367478 -0.914359 -4.184817 
6.JPG 1295.761284 602.505898 18.230904 -3658.741698 497.396064 -901.306424 -1139.247127 -104489.275210 -0.084754 0.440799 -0.893596 -4.565256 
7.JPG 1403.489066 336.394468 -125.499095 -18614.384968 217.948269 -920.723643 -1203.679335 -102027.162038 -0.012319 0.511440 -0.859231 -4.072870 
8.JPG 1178.160851 -135.188438 -168.160272 -17515.693670 -117.830730 -683.315191 -1065.283027 -88785.294445 0.167297 0.531912 -0.830109 -29.639798 
9.JPG 1336.550845 -757.475555 -465.220261 -30570.185931 -701.630397 -795.154852 -1212.087324 -82198.999829 0.296205 0.427861 -0.853931 -0.218209 
10.JPG 905.406165 -1150.292620 -649.388277 -25632.263759 -1073.955717 -480.216920 -981.597804 -55363.570111 0.355779 0.269702 -0.894808 -10.359736 
11.JPG 480.330991 -1364.819095 -864.908780 -14441.865693 -1191.987920 -10.006367 -949.047604 -55736.539020 0.431729 0.135937 -0.891701 -10.228158 
13.JPG 128.337620 -1440.045229 -806.303773 4595.789553 -1039.595181 315.512754 -1086.338681 -76142.063666 0.519126 0.016774 -0.854533 -4.285090 
14.JPG -376.952037 -1387.857630 -631.569070 24606.928596 -809.586775 579.698254 -1195.505671 -93866.836519 0.531220 -0.145706 -0.834611 2.598681 
15.JPG -1518.505538 -351.511794 -428.690456 55633.330299 -41.726486 1137.951490 -1216.070838 -112974.737437 0.126320 -0.464611 -0.876459 26.129028 
16.JPG -1437.434682 -404.863908 -321.983411 63350.242337 119.987631 420.698010 -1540.251978 -164226.269345 0.162049 -0.807393 -0.567325 59.184963 
17.JPG -1580.625826 1.008047 -282.511678 42808.212900 118.930349 478.723527 -1541.508180 -168942.592682 -0.196499 -0.779962 -0.594178 63.133349 
22.JPG -394.913653 -1576.548093 -989.186291 -54041.247190 -868.854523 733.881944 -1343.487782 -163434.164112 0.506445 -0.178192 -0.843659 -57.011562 
24.JPG 1144.719466 -1239.231822 -798.854044 -47132.863899 -982.335123 -319.257024 -1386.117171 -121278.648464 0.535843 0.322588 -0.780262 -26.951933 
25.JPG 1588.138803 188.138608 -97.562987 -12159.089695 98.678845 -741.865499 -1535.039063 -154883.394774 0.037986 0.669798 -0.741571 16.850922 
26.JPG -361.922563 1606.697672 -117.978833 36982.333272 1416.691484 322.707427 -803.914760 -102202.655477 -0.307568 0.043732 -0.950521 -10.981410 
27.JPG -1517.679985 574.667935 -486.958399 16397.486564 560.260101 897.906104 -1264.313926 -134507.798218 -0.307620 -0.462235 -0.831690 36.571683 
28.JPG -1393.672210 -256.767409 -433.282135 42732.112528 155.994692 493.691472 -1408.873047 -147372.741511 -0.008495 -0.757528 -0.652748 63.161165 
29.JPG 1175.458144 -1203.591127 -738.395180 -46636.332489 -951.344346 -367.690525 -1413.999407 -126350.819255 0.514047 0.352854 -0.781825 -37.998821 
