imageName, cameraIndex, cameraName, X_opt, Y_opt, Z_opt, X_gps, Y_gps, Z_gps, X_acc, Y_acc, Z_acc, Omega, Phi, Kappa, X_uncertainty, Y_uncertainty, Z_uncertainty, Omega_uncertainty, Phi_uncertainty, Kappa_uncertainty, inlierProb
1.JPG, 0, _0.0_1290x920 (RGB)(1), -57.784294, 14.680319, -63.885449, 0.000000, 0.000000, 0.000000, 5.000000, 5.000000, 10.000000, 5.867616, -45.649581, -92.064195, 11808.818559, 9477.620217, 14953.295862, 1344.153507, 2607.810385, 7338.260220, 0.000000
2.JPG, 1, _0.0_1439x799 (RGB)(2), 19.378890, 1.329873, -33.255884, 0.000000, 0.000000, 0.000000, 5.000000, 5.000000, 10.000000, 6.658718, -2.741521, -64.045043, 16480.794440, 9775.760783, 17341.830663, 3005.486216, nan, 2859.757697, 0.000000
3.JPG, 2, _0.0_1504x827 (RGB)(3), 37.026388, 2.841421, -36.211415, 0.000000, 0.000000, 0.000000, 5.000000, 5.000000, 10.000000, 4.272316, 1.727348, 115.561957, 19811.761868, 10514.975601, 16774.746940, 2979.873377, 191.762909, 3246.758923, 0.000000
4.JPG, 3, _0.0_1139x722 (RGB)(4), 52.629525, -33.940022, -22.168941, 0.000000, 0.000000, 0.000000, 5.000000, 5.000000, 10.000000, 10.680827, 13.271590, 74.365911, 22236.666915, 12362.050475, 17638.679923, 266.325153, 2799.823111, 4061.828800, 0.000000
5.JPG, 4, _0.0_686x881 (RGB)(5), 41.143074, -49.908024, -32.285005, 0.000000, 0.000000, 0.000000, 5.000000, 5.000000, 10.000000, 21.895012, 9.789053, 40.495564, 18218.596912, 13585.915756, 16148.915613, 3094.603336, 932.303340, 2697.699683, 0.000000
6.JPG, 5, _0.0_646x889 (RGB)(6), 29.078132, -55.398552, -35.194169, 0.000000, 0.000000, 0.000000, 5.000000, 5.000000, 10.000000, 26.256495, 4.861900, 22.679837, 14890.927095, 14090.299271, 15724.447152, 3095.639942, 1860.449283, 1491.064907, 0.000000
7.JPG, 6, _0.0_715x901 (RGB)(7), 23.159053, -55.506319, -38.111235, 0.000000, 0.000000, 0.000000, 5.000000, 5.000000, 10.000000, 30.762401, 0.705854, 9.081511, 13259.635551, 13877.777697, 15414.982733, 2350.298716, 2965.376051, 361.586526, 0.000000
8.JPG, 7, _0.0_772x932 (RGB)(8), 2.065230, -37.656052, -59.418660, 0.000000, 0.000000, 0.000000, 5.000000, 5.000000, 10.000000, 32.650654, -9.630711, -10.085104, 8113.230035, 9868.811272, 13749.206360, 695.804501, 3704.422764, 488.331917, 0.000000
9.JPG, 8, _0.0_939x844 (RGB)(9), -13.918575, -47.253568, -28.759810, 0.000000, 0.000000, 0.000000, 5.000000, 5.000000, 10.000000, 26.613075, -17.229785, -35.233819, -1.000000, -1.000000, -1.000000, -57.295780, -57.295780, -57.295780, 0.000000
10.JPG, 9, _0.0_1209x690 (RGB)(10), -18.262223, -22.238357, -25.541537, 0.000000, 0.000000, 0.000000, 5.000000, 5.000000, 10.000000, 16.773185, -20.841219, -60.033505, 8587.261955, 9270.396652, 18425.171601, 3545.787533, nan, 3101.452981, 0.000000
11.JPG, 10, _0.0_1309x673 (RGB)(11), -26.771681, -4.122113, -25.060672, 0.000000, 0.000000, 0.000000, 5.000000, 5.000000, 10.000000, 8.667839, -25.577362, -84.099246, 9890.454229, 8240.169499, 19425.045967, 2261.169196, 2041.032398, 4525.907140, 0.000000
13.JPG, 11, _0.0_1253x805 (RGB)(12), -38.897269, 15.592021, -28.338463, 0.000000, 0.000000, 0.000000, 5.000000, 5.000000, 10.000000, 1.124565, -31.273676, -101.423921, 11507.519209, 9219.622400, 20044.975607, 542.395475, 2940.352790, 5574.821661, 0.000000
14.JPG, 12, _0.0_1038x889 (RGB)(13), -40.765353, 42.575295, -30.265789, 0.000000, 0.000000, 0.000000, 5.000000, 5.000000, 10.000000, -9.902860, -32.087915, -121.678825, -1.000000, -1.000000, -1.000000, -57.295780, -57.295780, -57.295780, 0.000000
15.JPG, 13, _0.0_862x1006 (RGB)(14), 20.339897, 86.190219, -12.945925, 0.000000, 0.000000, 0.000000, 5.000000, 5.000000, 10.000000, -27.928085, -7.257006, -176.012416, 23697.065764, 23409.758999, 24512.013973, 2355.737088, 3086.657901, 880.438525, 0.000000
16.JPG, 14, _0.0_886x1016 (RGB)(15), 23.900172, 127.283875, -69.995347, 0.000000, 0.000000, 0.000000, 5.000000, 5.000000, 10.000000, -54.905709, -9.325834, 178.829800, 22880.618970, 34527.230094, 16093.251360, 2270.299160, 3479.796754, nan, 0.000000
17.JPG, 15, _0.0_775x969 (RGB)(16), 39.375222, 123.081406, -68.334194, 0.000000, 0.000000, 0.000000, 5.000000, 5.000000, 10.000000, -52.699724, 11.332284, 171.547168, 23838.579157, 32816.887720, 15241.417007, 828.606302, 3616.585167, 593.701521, 0.000000
22.JPG, 20, _0.0_1292x1033 (RGB)(21), -26.178681, 28.288482, -89.266382, 0.000000, 0.000000, 0.000000, 5.000000, 5.000000, 10.000000, -11.926342, -30.427330, -126.652914, -1.000000, -1.000000, -1.000000, -57.295780, -57.295780, -57.295780, 0.000000
24.JPG, 22, _0.0_1472x867 (RGB)(23), -27.402689, -22.856697, -62.810609, 0.000000, 0.000000, 0.000000, 5.000000, 5.000000, 10.000000, 22.461931, -32.401078, -60.380045, 5205.990205, 7896.191260, 13613.795385, 4025.403212, nan, 3639.426004, 0.000000
25.JPG, 23, _0.0_653x1016 (RGB)(24), 14.704887, -89.022475, -56.929907, 0.000000, 0.000000, 0.000000, 5.000000, 5.000000, 10.000000, 42.088816, -2.176965, 2.690559, 6964.240482, 19194.960972, 14047.669692, 1777.490542, 3459.360332, nan, 0.000000
26.JPG, 24, _0.0_1151x718 (RGB)(25), 57.510541, -12.319268, -30.728980, 0.000000, 0.000000, 0.000000, 5.000000, 5.000000, 10.000000, 2.634205, 17.912708, 100.117040, 23708.730412, 10926.708118, 17004.994312, 2578.466140, 1779.380768, 4219.068790, 0.000000
27.JPG, 25, _0.0_866x879 (RGB)(26), 50.724098, 86.196094, -22.694609, 0.000000, 0.000000, 0.000000, 5.000000, 5.000000, 10.000000, -29.064314, 17.915857, 152.160334, -1.000000, -1.000000, -1.000000, -57.295780, -57.295780, -57.295780, 0.000000
28.JPG, 26, _0.0_754x988 (RGB)(27), 23.860866, 131.317645, -55.945546, 0.000000, 0.000000, 0.000000, 5.000000, 5.000000, 10.000000, -49.249141, 0.486758, 173.406248, 25456.054115, 36806.682025, 19763.058666, 1358.199397, 3720.365150, nan, 0.000000
29.JPG, 27, _0.0_1433x921 (RGB)(28), -21.688828, -16.730954, -70.414076, 0.000000, 0.000000, 0.000000, 5.000000, 5.000000, 10.000000, 24.290642, -30.933766, -56.795430, 6103.546335, 7626.384046, 13149.355561, 4032.804386, nan, 3276.810302, 0.000000
